_G.Poses = {
	["Drone"] = {
		Amount = 144;
		Poses = {
			["Square"] = {
				CFrame.new(-1261.44897, 138.589355, 1647.4408, 1, 0, 0, 0, 1, 0, 0, 0, 1);
				CFrame.new(-1256.44897, 138.589355, 1647.4408, 1, 0, 0, 0, 1, 0, 0, 0, 1);
				CFrame.new(-1251.44897, 138.589355, 1647.4408, 1, 0, 0, 0, 1, 0, 0, 0, 1);
				CFrame.new(-1261.44897, 148.589355, 1647.4408, 1, 0, 0, 0, 1, 0, 0, 0, 1);
				CFrame.new(-1261.44897, 153.589355, 1647.4408, 1, 0, 0, 0, 1, 0, 0, 0, 1);
				CFrame.new(-1256.44897, 153.589355, 1647.4408, 1, 0, 0, 0, 1, 0, 0, 0, 1);
				CFrame.new(-1261.44897, 163.589355, 1647.4408, 1, 0, 0, 0, 1, 0, 0, 0, 1);
				CFrame.new(-1261.44897, 168.589355, 1647.4408, 1, 0, 0, 0, 1, 0, 0, 0, 1);
				CFrame.new(-1261.44897, 158.589355, 1647.4408, 1, 0, 0, 0, 1, 0, 0, 0, 1);
				CFrame.new(-1256.44897, 158.589355, 1647.4408, 1, 0, 0, 0, 1, 0, 0, 0, 1);
				CFrame.new(-1256.44897, 163.589355, 1647.4408, 1, 0, 0, 0, 1, 0, 0, 0, 1);
				CFrame.new(-1256.44897, 168.589355, 1647.4408, 1, 0, 0, 0, 1, 0, 0, 0, 1);
				CFrame.new(-1261.44897, 143.589355, 1647.4408, 1, 0, 0, 0, 1, 0, 0, 0, 1);
				CFrame.new(-1251.44897, 143.589355, 1647.4408, 1, 0, 0, 0, 1, 0, 0, 0, 1);
				CFrame.new(-1256.44897, 143.589355, 1647.4408, 1, 0, 0, 0, 1, 0, 0, 0, 1);
				CFrame.new(-1256.44897, 148.589355, 1647.4408, 1, 0, 0, 0, 1, 0, 0, 0, 1);
				CFrame.new(-1251.44897, 148.589355, 1647.4408, 1, 0, 0, 0, 1, 0, 0, 0, 1);
				CFrame.new(-1251.44897, 153.589355, 1647.4408, 1, 0, 0, 0, 1, 0, 0, 0, 1);
				CFrame.new(-1251.44897, 158.589355, 1647.4408, 1, 0, 0, 0, 1, 0, 0, 0, 1);
				CFrame.new(-1251.44897, 163.589355, 1647.4408, 1, 0, 0, 0, 1, 0, 0, 0, 1);
				CFrame.new(-1251.44897, 168.589355, 1647.4408, 1, 0, 0, 0, 1, 0, 0, 0, 1);
				CFrame.new(-1261.44897, 133.589355, 1647.4408, 1, 0, 0, 0, 1, 0, 0, 0, 1);
				CFrame.new(-1261.44897, 128.589355, 1647.4408, 1, 0, 0, 0, 1, 0, 0, 0, 1);
				CFrame.new(-1256.44897, 133.589355, 1647.4408, 1, 0, 0, 0, 1, 0, 0, 0, 1);
				CFrame.new(-1251.44897, 133.589355, 1647.4408, 1, 0, 0, 0, 1, 0, 0, 0, 1);
				CFrame.new(-1276.44897, 133.589355, 1647.4408, 1, 0, 0, 0, 1, 0, 0, 0, 1);
				CFrame.new(-1276.44897, 138.589355, 1647.4408, 1, 0, 0, 0, 1, 0, 0, 0, 1);
				CFrame.new(-1271.44897, 138.589355, 1647.4408, 1, 0, 0, 0, 1, 0, 0, 0, 1);
				CFrame.new(-1276.44897, 128.589355, 1647.4408, 1, 0, 0, 0, 1, 0, 0, 0, 1);
				CFrame.new(-1271.44897, 128.589355, 1647.4408, 1, 0, 0, 0, 1, 0, 0, 0, 1);
				CFrame.new(-1271.44897, 133.589355, 1647.4408, 1, 0, 0, 0, 1, 0, 0, 0, 1);
				CFrame.new(-1266.44897, 128.589355, 1647.4408, 1, 0, 0, 0, 1, 0, 0, 0, 1);
				CFrame.new(-1266.44897, 133.589355, 1647.4408, 1, 0, 0, 0, 1, 0, 0, 0, 1);
				CFrame.new(-1266.44897, 138.589355, 1647.4408, 1, 0, 0, 0, 1, 0, 0, 0, 1);
				CFrame.new(-1276.44897, 168.589355, 1647.4408, 1, 0, 0, 0, 1, 0, 0, 0, 1);
				CFrame.new(-1276.44897, 163.589355, 1647.4408, 1, 0, 0, 0, 1, 0, 0, 0, 1);
				CFrame.new(-1271.44897, 168.589355, 1647.4408, 1, 0, 0, 0, 1, 0, 0, 0, 1);
				CFrame.new(-1271.44897, 163.589355, 1647.4408, 1, 0, 0, 0, 1, 0, 0, 0, 1);
				CFrame.new(-1276.44897, 158.589355, 1647.4408, 1, 0, 0, 0, 1, 0, 0, 0, 1);
				CFrame.new(-1271.44897, 158.589355, 1647.4408, 1, 0, 0, 0, 1, 0, 0, 0, 1);
				CFrame.new(-1266.44897, 158.589355, 1647.4408, 1, 0, 0, 0, 1, 0, 0, 0, 1);
				CFrame.new(-1266.44897, 163.589355, 1647.4408, 1, 0, 0, 0, 1, 0, 0, 0, 1);
				CFrame.new(-1266.44897, 168.589355, 1647.4408, 1, 0, 0, 0, 1, 0, 0, 0, 1);
				CFrame.new(-1271.44897, 153.589355, 1647.4408, 1, 0, 0, 0, 1, 0, 0, 0, 1);
				CFrame.new(-1266.44897, 153.589355, 1647.4408, 1, 0, 0, 0, 1, 0, 0, 0, 1);
				CFrame.new(-1276.44897, 153.589355, 1647.4408, 1, 0, 0, 0, 1, 0, 0, 0, 1);
				CFrame.new(-1276.44897, 148.589355, 1647.4408, 1, 0, 0, 0, 1, 0, 0, 0, 1);
				CFrame.new(-1271.44897, 148.589355, 1647.4408, 1, 0, 0, 0, 1, 0, 0, 0, 1);
				CFrame.new(-1266.44897, 148.589355, 1647.4408, 1, 0, 0, 0, 1, 0, 0, 0, 1);
				CFrame.new(-1276.44897, 143.589355, 1647.4408, 1, 0, 0, 0, 1, 0, 0, 0, 1);
				CFrame.new(-1266.44897, 143.589355, 1647.4408, 1, 0, 0, 0, 1, 0, 0, 0, 1);
				CFrame.new(-1271.44897, 143.589355, 1647.4408, 1, 0, 0, 0, 1, 0, 0, 0, 1);
				CFrame.new(-1261.44897, 113.589363, 1647.4408, 1, 0, 0, 0, 1, 0, 0, 0, 1);
				CFrame.new(-1251.44897, 113.589363, 1647.4408, 1, 0, 0, 0, 1, 0, 0, 0, 1);
				CFrame.new(-1256.44897, 113.589363, 1647.4408, 1, 0, 0, 0, 1, 0, 0, 0, 1);
				CFrame.new(-1261.44897, 118.589363, 1647.4408, 1, 0, 0, 0, 1, 0, 0, 0, 1);
				CFrame.new(-1256.44897, 118.589363, 1647.4408, 1, 0, 0, 0, 1, 0, 0, 0, 1);
				CFrame.new(-1251.44897, 118.589363, 1647.4408, 1, 0, 0, 0, 1, 0, 0, 0, 1);
				CFrame.new(-1261.44897, 123.589363, 1647.4408, 1, 0, 0, 0, 1, 0, 0, 0, 1);
				CFrame.new(-1256.44897, 123.589363, 1647.4408, 1, 0, 0, 0, 1, 0, 0, 0, 1);
				CFrame.new(-1251.44897, 123.589363, 1647.4408, 1, 0, 0, 0, 1, 0, 0, 0, 1);
				CFrame.new(-1256.44897, 128.589355, 1647.4408, 1, 0, 0, 0, 1, 0, 0, 0, 1);
				CFrame.new(-1251.44897, 128.589355, 1647.4408, 1, 0, 0, 0, 1, 0, 0, 0, 1);
				CFrame.new(-1271.44897, 123.589363, 1647.4408, 1, 0, 0, 0, 1, 0, 0, 0, 1);
				CFrame.new(-1266.44897, 123.589363, 1647.4408, 1, 0, 0, 0, 1, 0, 0, 0, 1);
				CFrame.new(-1276.44897, 123.589363, 1647.4408, 1, 0, 0, 0, 1, 0, 0, 0, 1);
				CFrame.new(-1276.44897, 118.589363, 1647.4408, 1, 0, 0, 0, 1, 0, 0, 0, 1);
				CFrame.new(-1271.44897, 118.589363, 1647.4408, 1, 0, 0, 0, 1, 0, 0, 0, 1);
				CFrame.new(-1266.44897, 118.589363, 1647.4408, 1, 0, 0, 0, 1, 0, 0, 0, 1);
				CFrame.new(-1276.44897, 113.589363, 1647.4408, 1, 0, 0, 0, 1, 0, 0, 0, 1);
				CFrame.new(-1266.44897, 113.589363, 1647.4408, 1, 0, 0, 0, 1, 0, 0, 0, 1);
				CFrame.new(-1271.44897, 113.589363, 1647.4408, 1, 0, 0, 0, 1, 0, 0, 0, 1);
				CFrame.new(-1306.44897, 168.589355, 1647.4408, 1, 0, 0, 0, 1, 0, 0, 0, 1);
				CFrame.new(-1306.44897, 163.589355, 1647.4408, 1, 0, 0, 0, 1, 0, 0, 0, 1);
				CFrame.new(-1301.44897, 168.589355, 1647.4408, 1, 0, 0, 0, 1, 0, 0, 0, 1);
				CFrame.new(-1301.44897, 163.589355, 1647.4408, 1, 0, 0, 0, 1, 0, 0, 0, 1);
				CFrame.new(-1306.44897, 158.589355, 1647.4408, 1, 0, 0, 0, 1, 0, 0, 0, 1);
				CFrame.new(-1301.44897, 158.589355, 1647.4408, 1, 0, 0, 0, 1, 0, 0, 0, 1);
				CFrame.new(-1306.44897, 153.589355, 1647.4408, 1, 0, 0, 0, 1, 0, 0, 0, 1);
				CFrame.new(-1306.44897, 138.589355, 1647.4408, 1, 0, 0, 0, 1, 0, 0, 0, 1);
				CFrame.new(-1301.44897, 138.589355, 1647.4408, 1, 0, 0, 0, 1, 0, 0, 0, 1);
				CFrame.new(-1296.44897, 158.589355, 1647.4408, 1, 0, 0, 0, 1, 0, 0, 0, 1);
				CFrame.new(-1296.44897, 163.589355, 1647.4408, 1, 0, 0, 0, 1, 0, 0, 0, 1);
				CFrame.new(-1296.44897, 168.589355, 1647.4408, 1, 0, 0, 0, 1, 0, 0, 0, 1);
				CFrame.new(-1291.44897, 148.589355, 1647.4408, 1, 0, 0, 0, 1, 0, 0, 0, 1);
				CFrame.new(-1291.44897, 153.589355, 1647.4408, 1, 0, 0, 0, 1, 0, 0, 0, 1);
				CFrame.new(-1291.44897, 163.589355, 1647.4408, 1, 0, 0, 0, 1, 0, 0, 0, 1);
				CFrame.new(-1291.44897, 158.589355, 1647.4408, 1, 0, 0, 0, 1, 0, 0, 0, 1);
				CFrame.new(-1301.44897, 153.589355, 1647.4408, 1, 0, 0, 0, 1, 0, 0, 0, 1);
				CFrame.new(-1296.44897, 153.589355, 1647.4408, 1, 0, 0, 0, 1, 0, 0, 0, 1);
				CFrame.new(-1306.44897, 148.589355, 1647.4408, 1, 0, 0, 0, 1, 0, 0, 0, 1);
				CFrame.new(-1301.44897, 148.589355, 1647.4408, 1, 0, 0, 0, 1, 0, 0, 0, 1);
				CFrame.new(-1296.44897, 148.589355, 1647.4408, 1, 0, 0, 0, 1, 0, 0, 0, 1);
				CFrame.new(-1291.44897, 143.589355, 1647.4408, 1, 0, 0, 0, 1, 0, 0, 0, 1);
				CFrame.new(-1306.44897, 143.589355, 1647.4408, 1, 0, 0, 0, 1, 0, 0, 0, 1);
				CFrame.new(-1296.44897, 143.589355, 1647.4408, 1, 0, 0, 0, 1, 0, 0, 0, 1);
				CFrame.new(-1301.44897, 143.589355, 1647.4408, 1, 0, 0, 0, 1, 0, 0, 0, 1);
				CFrame.new(-1291.44897, 123.589363, 1647.4408, 1, 0, 0, 0, 1, 0, 0, 0, 1);
				CFrame.new(-1286.44897, 123.589363, 1647.4408, 1, 0, 0, 0, 1, 0, 0, 0, 1);
				CFrame.new(-1281.44897, 123.589363, 1647.4408, 1, 0, 0, 0, 1, 0, 0, 0, 1);
				CFrame.new(-1291.44897, 133.589355, 1647.4408, 1, 0, 0, 0, 1, 0, 0, 0, 1);
				CFrame.new(-1291.44897, 138.589355, 1647.4408, 1, 0, 0, 0, 1, 0, 0, 0, 1);
				CFrame.new(-1291.44897, 128.589355, 1647.4408, 1, 0, 0, 0, 1, 0, 0, 0, 1);
				CFrame.new(-1286.44897, 128.589355, 1647.4408, 1, 0, 0, 0, 1, 0, 0, 0, 1);
				CFrame.new(-1286.44897, 133.589355, 1647.4408, 1, 0, 0, 0, 1, 0, 0, 0, 1);
				CFrame.new(-1286.44897, 138.589355, 1647.4408, 1, 0, 0, 0, 1, 0, 0, 0, 1);
				CFrame.new(-1281.44897, 128.589355, 1647.4408, 1, 0, 0, 0, 1, 0, 0, 0, 1);
				CFrame.new(-1281.44897, 133.589355, 1647.4408, 1, 0, 0, 0, 1, 0, 0, 0, 1);
				CFrame.new(-1281.44897, 138.589355, 1647.4408, 1, 0, 0, 0, 1, 0, 0, 0, 1);
				CFrame.new(-1306.44897, 133.589355, 1647.4408, 1, 0, 0, 0, 1, 0, 0, 0, 1);
				CFrame.new(-1306.44897, 128.589355, 1647.4408, 1, 0, 0, 0, 1, 0, 0, 0, 1);
				CFrame.new(-1301.44897, 128.589355, 1647.4408, 1, 0, 0, 0, 1, 0, 0, 0, 1);
				CFrame.new(-1301.44897, 133.589355, 1647.4408, 1, 0, 0, 0, 1, 0, 0, 0, 1);
				CFrame.new(-1301.44897, 123.589363, 1647.4408, 1, 0, 0, 0, 1, 0, 0, 0, 1);
				CFrame.new(-1296.44897, 123.589363, 1647.4408, 1, 0, 0, 0, 1, 0, 0, 0, 1);
				CFrame.new(-1296.44897, 128.589355, 1647.4408, 1, 0, 0, 0, 1, 0, 0, 0, 1);
				CFrame.new(-1296.44897, 133.589355, 1647.4408, 1, 0, 0, 0, 1, 0, 0, 0, 1);
				CFrame.new(-1296.44897, 138.589355, 1647.4408, 1, 0, 0, 0, 1, 0, 0, 0, 1);
				CFrame.new(-1306.44897, 123.589363, 1647.4408, 1, 0, 0, 0, 1, 0, 0, 0, 1);
				CFrame.new(-1306.44897, 118.589363, 1647.4408, 1, 0, 0, 0, 1, 0, 0, 0, 1);
				CFrame.new(-1301.44897, 118.589363, 1647.4408, 1, 0, 0, 0, 1, 0, 0, 0, 1);
				CFrame.new(-1286.44897, 153.589355, 1647.4408, 1, 0, 0, 0, 1, 0, 0, 0, 1);
				CFrame.new(-1291.44897, 168.589355, 1647.4408, 1, 0, 0, 0, 1, 0, 0, 0, 1);
				CFrame.new(-1286.44897, 158.589355, 1647.4408, 1, 0, 0, 0, 1, 0, 0, 0, 1);
				CFrame.new(-1286.44897, 163.589355, 1647.4408, 1, 0, 0, 0, 1, 0, 0, 0, 1);
				CFrame.new(-1281.44897, 143.589355, 1647.4408, 1, 0, 0, 0, 1, 0, 0, 0, 1);
				CFrame.new(-1286.44897, 143.589355, 1647.4408, 1, 0, 0, 0, 1, 0, 0, 0, 1);
				CFrame.new(-1286.44897, 148.589355, 1647.4408, 1, 0, 0, 0, 1, 0, 0, 0, 1);
				CFrame.new(-1291.44897, 113.589363, 1647.4408, 1, 0, 0, 0, 1, 0, 0, 0, 1);
				CFrame.new(-1281.44897, 113.589363, 1647.4408, 1, 0, 0, 0, 1, 0, 0, 0, 1);
				CFrame.new(-1286.44897, 113.589363, 1647.4408, 1, 0, 0, 0, 1, 0, 0, 0, 1);
				CFrame.new(-1291.44897, 118.589363, 1647.4408, 1, 0, 0, 0, 1, 0, 0, 0, 1);
				CFrame.new(-1286.44897, 118.589363, 1647.4408, 1, 0, 0, 0, 1, 0, 0, 0, 1);
				CFrame.new(-1281.44897, 118.589363, 1647.4408, 1, 0, 0, 0, 1, 0, 0, 0, 1);
				CFrame.new(-1296.44897, 118.589363, 1647.4408, 1, 0, 0, 0, 1, 0, 0, 0, 1);
				CFrame.new(-1306.44897, 113.589363, 1647.4408, 1, 0, 0, 0, 1, 0, 0, 0, 1);
				CFrame.new(-1296.44897, 113.589363, 1647.4408, 1, 0, 0, 0, 1, 0, 0, 0, 1);
				CFrame.new(-1301.44897, 113.589363, 1647.4408, 1, 0, 0, 0, 1, 0, 0, 0, 1);
				CFrame.new(-1286.44897, 168.589355, 1647.4408, 1, 0, 0, 0, 1, 0, 0, 0, 1);
				CFrame.new(-1281.44897, 148.589355, 1647.4408, 1, 0, 0, 0, 1, 0, 0, 0, 1);
				CFrame.new(-1281.44897, 153.589355, 1647.4408, 1, 0, 0, 0, 1, 0, 0, 0, 1);
				CFrame.new(-1281.44897, 158.589355, 1647.4408, 1, 0, 0, 0, 1, 0, 0, 0, 1);
				CFrame.new(-1281.44897, 163.589355, 1647.4408, 1, 0, 0, 0, 1, 0, 0, 0, 1);
				CFrame.new(-1281.44897, 168.589355, 1647.4408, 1, 0, 0, 0, 1, 0, 0, 0, 1);
			};
			["House"] = {
				CFrame.new(-1265.55249, 138.589355, 1643.60913, 0.965925515, 0, -0.258818924, 0, 1, 0, 0.258818924, 0, 0.965925515);
				CFrame.new(-1260.7229, 138.589355, 1644.90332, 0.965925515, 0, -0.258818924, 0, 1, 0, 0.258818924, 0, 0.965925515);
				CFrame.new(-1255.89319, 138.589355, 1646.19751, 0.965925515, 0, -0.258818924, 0, 1, 0, 0.258818924, 0, 0.965925515);
				CFrame.new(-1265.55249, 148.589355, 1643.60913, 0.965925515, 0, -0.258818924, 0, 1, 0, 0.258818924, 0, 0.965925515);
				CFrame.new(-1265.55249, 153.589355, 1643.60913, 0.965925515, 0, -0.258818924, 0, 1, 0, 0.258818924, 0, 0.965925515);
				CFrame.new(-1246.23401, 113.589355, 1648.78564, 0.965925515, 0, -0.258818924, 0, 1, 0, 0.258818924, 0, 0.965925515);
				CFrame.new(-1255.89319, 158.589355, 1646.19751, 0.965925515, 0, -0.258818924, 0, 1, 0, 0.258818924, 0, 0.965925515);
				CFrame.new(-1255.89319, 163.589355, 1646.19751, 0.965925515, 0, -0.258818924, 0, 1, 0, 0.258818924, 0, 0.965925515);
				CFrame.new(-1255.89319, 153.589355, 1646.19751, 0.965925515, 0, -0.258818924, 0, 1, 0, 0.258818924, 0, 0.965925515);
				CFrame.new(-1236.57483, 113.589355, 1651.37378, 0.965925515, 0, -0.258818924, 0, 1, 0, 0.258818924, 0, 0.965925515);
				CFrame.new(-1226.91553, 113.589355, 1653.96216, 0.965925515, 0, -0.258818924, 0, 1, 0, 0.258818924, 0, 0.965925515);
				CFrame.new(-1255.89319, 168.589355, 1646.19751, 0.965925515, 0, -0.258818924, 0, 1, 0, 0.258818924, 0, 0.965925515);
				CFrame.new(-1265.55249, 143.589355, 1643.60913, 0.965925515, 0, -0.258818924, 0, 1, 0, 0.258818924, 0, 0.965925515);
				CFrame.new(-1255.89319, 143.589355, 1646.19751, 0.965925515, 0, -0.258818924, 0, 1, 0, 0.258818924, 0, 0.965925515);
				CFrame.new(-1260.7229, 143.589355, 1644.90332, 0.965925515, 0, -0.258818924, 0, 1, 0, 0.258818924, 0, 0.965925515);
				CFrame.new(-1260.7229, 148.589355, 1644.90332, 0.965925515, 0, -0.258818924, 0, 1, 0, 0.258818924, 0, 0.965925515);
				CFrame.new(-1251.06372, 113.589355, 1647.4917, 0.965925515, 0, -0.258818924, 0, 1, 0, 0.258818924, 0, 0.965925515);
				CFrame.new(-1241.40442, 113.589355, 1650.07983, 0.965925515, 0, -0.258818924, 0, 1, 0, 0.258818924, 0, 0.965925515);
				CFrame.new(-1231.74512, 113.589355, 1652.66797, 0.965925515, 0, -0.258818924, 0, 1, 0, 0.258818924, 0, 0.965925515);
				CFrame.new(-1222.08594, 113.589355, 1655.2561, 0.965925515, 0, -0.258818924, 0, 1, 0, 0.258818924, 0, 0.965925515);
				CFrame.new(-1270.38208, 103.589355, 1642.31519, 0.965925515, 0, -0.258818924, 0, 1, 0, 0.258818924, 0, 0.965925515);
				CFrame.new(-1220.79175, 103.589355, 1650.42651, 0.258818924, 0, -0.965925515, 0, -1, 0, -0.965925515, 0, -0.258818924);
				CFrame.new(-1219.49756, 103.589355, 1645.59692, 0.258818924, 0, -0.965925515, 0, -1, 0, -0.965925515, 0, -0.258818924);
				CFrame.new(-1260.7229, 133.589355, 1644.90332, 0.965925515, 0, -0.258818924, 0, 1, 0, 0.258818924, 0, 0.965925515);
				CFrame.new(-1255.89319, 133.589355, 1646.19751, 0.965925515, 0, -0.258818924, 0, 1, 0, 0.258818924, 0, 0.965925515);
				CFrame.new(-1280.0415, 133.589355, 1639.72705, 0.965925515, 0, -0.258818924, 0, 1, 0, 0.258818924, 0, 0.965925515);
				CFrame.new(-1280.0415, 138.589355, 1639.72705, 0.965925515, 0, -0.258818924, 0, 1, 0, 0.258818924, 0, 0.965925515);
				CFrame.new(-1275.21191, 138.589355, 1641.02112, 0.965925515, 0, -0.258818924, 0, 1, 0, 0.258818924, 0, 0.965925515);
				CFrame.new(-1280.0415, 128.589355, 1639.72705, 0.965925515, 0, -0.258818924, 0, 1, 0, 0.258818924, 0, 0.965925515);
				CFrame.new(-1246.23401, 103.589355, 1648.78564, 0.965925515, 0, 0.258818924, 0, -1, 0, 0.258818924, 0, -0.965925515);
				CFrame.new(-1284.87097, 103.589355, 1638.43286, 0.965925515, 0, 0.258818924, 0, -1, 0, 0.258818924, 0, -0.965925515);
				CFrame.new(-1280.0415, 103.589355, 1639.72705, 0.965925515, 0, 0.258818924, 0, -1, 0, 0.258818924, 0, -0.965925515);
				CFrame.new(-1251.06372, 103.589355, 1647.4917, 0.965925515, 0, 0.258818924, 0, -1, 0, 0.258818924, 0, -0.965925515);
				CFrame.new(-1270.38208, 138.589355, 1642.31519, 0.965925515, 0, -0.258818924, 0, 1, 0, 0.258818924, 0, 0.965925515);
				CFrame.new(-1222.08594, 118.589355, 1655.2561, 0.965925515, 0, 0.258818924, 0, -1, 0, 0.258818924, 0, -0.965925515);
				CFrame.new(-1222.08594, 123.589355, 1655.2561, 0.965925515, 0, 0.258818924, 0, -1, 0, 0.258818924, 0, -0.965925515);
				CFrame.new(-1260.7229, 163.589355, 1644.90332, 0.965925515, 0, -0.258818924, 0, 1, 0, 0.258818924, 0, 0.965925515);
				CFrame.new(-1265.55249, 158.589355, 1643.60913, 0.965925515, 0, -0.258818924, 0, 1, 0, 0.258818924, 0, 0.965925515);
				CFrame.new(-1222.08594, 128.589355, 1655.2561, 0.965925515, 0, 0.258818924, 0, -1, 0, 0.258818924, 0, -0.965925515);
				CFrame.new(-1236.57483, 103.589355, 1651.37378, 0.965925515, 0, 0.258818924, 0, -1, 0, 0.258818924, 0, -0.965925515);
				CFrame.new(-1255.89319, 148.589355, 1646.19751, 0.965925515, 0, -0.258818924, 0, 1, 0, 0.258818924, 0, 0.965925515);
				CFrame.new(-1260.7229, 153.589355, 1644.90332, 0.965925515, 0, -0.258818924, 0, 1, 0, 0.258818924, 0, 0.965925515);
				CFrame.new(-1260.7229, 158.589355, 1644.90332, 0.965925515, 0, -0.258818924, 0, 1, 0, 0.258818924, 0, 0.965925515);
				CFrame.new(-1216.90942, 103.589355, 1635.93762, 0.258818924, 0, -0.965925515, 0, -1, 0, -0.965925515, 0, -0.258818924);
				CFrame.new(-1270.38208, 153.589355, 1642.31519, 0.965925515, 0, -0.258818924, 0, 1, 0, 0.258818924, 0, 0.965925515);
				CFrame.new(-1222.08594, 133.589355, 1655.2561, 0.965925515, 0, 0.258818924, 0, -1, 0, 0.258818924, 0, -0.965925515);
				CFrame.new(-1222.08594, 138.589355, 1655.2561, 0.965925515, 0, 0.258818924, 0, -1, 0, 0.258818924, 0, -0.965925515);
				CFrame.new(-1275.21191, 148.589355, 1641.02112, 0.965925515, 0, -0.258818924, 0, 1, 0, 0.258818924, 0, 0.965925515);
				CFrame.new(-1270.38208, 148.589355, 1642.31519, 0.965925515, 0, -0.258818924, 0, 1, 0, 0.258818924, 0, 0.965925515);
				CFrame.new(-1280.0415, 143.589355, 1639.72705, 0.965925515, 0, -0.258818924, 0, 1, 0, 0.258818924, 0, 0.965925515);
				CFrame.new(-1270.38208, 143.589355, 1642.31519, 0.965925515, 0, -0.258818924, 0, 1, 0, 0.258818924, 0, 0.965925515);
				CFrame.new(-1275.21191, 143.589355, 1641.02112, 0.965925515, 0, -0.258818924, 0, 1, 0, 0.258818924, 0, 0.965925515);
				CFrame.new(-1265.55249, 113.589363, 1643.60913, 0.965925515, 0, -0.258818924, 0, 1, 0, 0.258818924, 0, 0.965925515);
				CFrame.new(-1255.89319, 113.589363, 1646.19751, 0.965925515, 0, -0.258818924, 0, 1, 0, 0.258818924, 0, 0.965925515);
				CFrame.new(-1260.7229, 113.589363, 1644.90332, 0.965925515, 0, -0.258818924, 0, 1, 0, 0.258818924, 0, 0.965925515);
				CFrame.new(-1265.55249, 118.589363, 1643.60913, 0.965925515, 0, -0.258818924, 0, 1, 0, 0.258818924, 0, 0.965925515);
				CFrame.new(-1260.7229, 118.589363, 1644.90332, 0.965925515, 0, -0.258818924, 0, 1, 0, 0.258818924, 0, 0.965925515);
				CFrame.new(-1255.89319, 118.589363, 1646.19751, 0.965925515, 0, -0.258818924, 0, 1, 0, 0.258818924, 0, 0.965925515);
				CFrame.new(-1218.20361, 103.589355, 1640.76746, 0.258818924, 0, -0.965925515, 0, -1, 0, -0.965925515, 0, -0.258818924);
				CFrame.new(-1260.7229, 123.589363, 1644.90332, 0.965925515, 0, -0.258818924, 0, 1, 0, 0.258818924, 0, 0.965925515);
				CFrame.new(-1255.89319, 123.589363, 1646.19751, 0.965925515, 0, -0.258818924, 0, 1, 0, 0.258818924, 0, 0.965925515);
				CFrame.new(-1260.7229, 128.589355, 1644.90332, 0.965925515, 0, -0.258818924, 0, 1, 0, 0.258818924, 0, 0.965925515);
				CFrame.new(-1255.89319, 128.589355, 1646.19751, 0.965925515, 0, -0.258818924, 0, 1, 0, 0.258818924, 0, 0.965925515);
				CFrame.new(-1241.40442, 103.589355, 1650.07983, 0.965925515, 0, 0.258818924, 0, -1, 0, 0.258818924, 0, -0.965925515);
				CFrame.new(-1275.21191, 103.589355, 1641.02112, 0.965925515, 0, 0.258818924, 0, -1, 0, 0.258818924, 0, -0.965925515);
				CFrame.new(-1280.0415, 123.589363, 1639.72705, 0.965925515, 0, -0.258818924, 0, 1, 0, 0.258818924, 0, 0.965925515);
				CFrame.new(-1280.0415, 118.589363, 1639.72705, 0.965925515, 0, -0.258818924, 0, 1, 0, 0.258818924, 0, 0.965925515);
				CFrame.new(-1275.21191, 118.589363, 1641.02112, 0.965925515, 0, -0.258818924, 0, 1, 0, 0.258818924, 0, 0.965925515);
				CFrame.new(-1270.38208, 118.589363, 1642.31519, 0.965925515, 0, -0.258818924, 0, 1, 0, 0.258818924, 0, 0.965925515);
				CFrame.new(-1280.0415, 113.589363, 1639.72705, 0.965925515, 0, -0.258818924, 0, 1, 0, 0.258818924, 0, 0.965925515);
				CFrame.new(-1270.38208, 113.589363, 1642.31519, 0.965925515, 0, -0.258818924, 0, 1, 0, 0.258818924, 0, 0.965925515);
				CFrame.new(-1275.21191, 113.589363, 1641.02112, 0.965925515, 0, -0.258818924, 0, 1, 0, 0.258818924, 0, 0.965925515);
				CFrame.new(-1251.06372, 118.589355, 1647.4917, 0.965925515, 0, 0.258818924, 0, -1, 0, 0.258818924, 0, -0.965925515);
				CFrame.new(-1251.06372, 123.589355, 1647.4917, 0.965925515, 0, 0.258818924, 0, -1, 0, 0.258818924, 0, -0.965925515);
				CFrame.new(-1246.23401, 118.589355, 1648.78564, 0.965925515, 0, 0.258818924, 0, -1, 0, 0.258818924, 0, -0.965925515);
				CFrame.new(-1246.23401, 123.589355, 1648.78564, 0.965925515, 0, 0.258818924, 0, -1, 0, 0.258818924, 0, -0.965925515);
				CFrame.new(-1251.06372, 128.589355, 1647.4917, 0.965925515, 0, 0.258818924, 0, -1, 0, 0.258818924, 0, -0.965925515);
				CFrame.new(-1246.23401, 128.589355, 1648.78564, 0.965925515, 0, 0.258818924, 0, -1, 0, 0.258818924, 0, -0.965925515);
				CFrame.new(-1251.06372, 133.589355, 1647.4917, 0.965925515, 0, 0.258818924, 0, -1, 0, 0.258818924, 0, -0.965925515);
				CFrame.new(-1251.06372, 148.589355, 1647.4917, 0.965925515, 0, 0.258818924, 0, -1, 0, 0.258818924, 0, -0.965925515);
				CFrame.new(-1246.23401, 148.589355, 1648.78564, 0.965925515, 0, 0.258818924, 0, -1, 0, 0.258818924, 0, -0.965925515);
				CFrame.new(-1226.91553, 123.589355, 1653.96216, 0.965925515, 0, 0.258818924, 0, -1, 0, 0.258818924, 0, -0.965925515);
				CFrame.new(-1226.91553, 138.589355, 1653.96216, 0.965925515, 0, 0.258818924, 0, -1, 0, 0.258818924, 0, -0.965925515);
				CFrame.new(-1241.40442, 118.589355, 1650.07983, 0.965925515, 0, 0.258818924, 0, -1, 0, 0.258818924, 0, -0.965925515);
				CFrame.new(-1236.57483, 138.589355, 1651.37378, 0.965925515, 0, 0.258818924, 0, -1, 0, 0.258818924, 0, -0.965925515);
				CFrame.new(-1226.91553, 128.589355, 1653.96216, 0.965925515, 0, 0.258818924, 0, -1, 0, 0.258818924, 0, -0.965925515);
				CFrame.new(-1231.74512, 118.589355, 1652.66797, 0.965925515, 0, 0.258818924, 0, -1, 0, 0.258818924, 0, -0.965925515);
				CFrame.new(-1226.91553, 133.589355, 1653.96216, 0.965925515, 0, 0.258818924, 0, -1, 0, 0.258818924, 0, -0.965925515);
				CFrame.new(-1246.23401, 133.589355, 1648.78564, 0.965925515, 0, 0.258818924, 0, -1, 0, 0.258818924, 0, -0.965925515);
				CFrame.new(-1226.91553, 118.589355, 1653.96216, 0.965925515, 0, 0.258818924, 0, -1, 0, 0.258818924, 0, -0.965925515);
				CFrame.new(-1251.06372, 138.589355, 1647.4917, 0.965925515, 0, 0.258818924, 0, -1, 0, 0.258818924, 0, -0.965925515);
				CFrame.new(-1246.23401, 138.589355, 1648.78564, 0.965925515, 0, 0.258818924, 0, -1, 0, 0.258818924, 0, -0.965925515);
				CFrame.new(-1241.40442, 138.589355, 1650.07983, 0.965925515, 0, 0.258818924, 0, -1, 0, 0.258818924, 0, -0.965925515);
				CFrame.new(-1236.57483, 143.589355, 1651.37378, 0.965925515, 0, 0.258818924, 0, -1, 0, 0.258818924, 0, -0.965925515);
				CFrame.new(-1251.06372, 143.589355, 1647.4917, 0.965925515, 0, 0.258818924, 0, -1, 0, 0.258818924, 0, -0.965925515);
				CFrame.new(-1241.40442, 143.589355, 1650.07983, 0.965925515, 0, 0.258818924, 0, -1, 0, 0.258818924, 0, -0.965925515);
				CFrame.new(-1246.23401, 143.589355, 1648.78564, 0.965925515, 0, 0.258818924, 0, -1, 0, 0.258818924, 0, -0.965925515);
				CFrame.new(-1241.40442, 108.589363, 1650.07983, 0.965925515, 0, -0.258818924, 0, 1, 0, 0.258818924, 0, 0.965925515);
				CFrame.new(-1284.87097, 108.589363, 1638.43286, 0.965925515, 0, -0.258818924, 0, 1, 0, 0.258818924, 0, 0.965925515);
				CFrame.new(-1284.87097, 123.589363, 1638.43286, 0.965925515, 0, -0.258818924, 0, 1, 0, 0.258818924, 0, 0.965925515);
				CFrame.new(-1236.57483, 153.589355, 1651.37378, 0.965925515, 0, 0.258818924, 0, -1, 0, 0.258818924, 0, -0.965925515);
				CFrame.new(-1236.57483, 148.589355, 1651.37378, 0.965925515, 0, 0.258818924, 0, -1, 0, 0.258818924, 0, -0.965925515);
				CFrame.new(-1280.0415, 108.589355, 1639.72705, 0.965925515, 0, -0.258818924, 0, 1, 0, 0.258818924, 0, 0.965925515);
				CFrame.new(-1251.06372, 108.589355, 1647.4917, 0.965925515, 0, -0.258818924, 0, 1, 0, 0.258818924, 0, 0.965925515);
				CFrame.new(-1213.02722, 108.589355, 1621.44897, 0.258818924, 0, 0.965925515, 0, 1, 0, -0.965925515, 0, 0.258818924);
				CFrame.new(-1231.74512, 148.589355, 1652.66797, 0.965925515, 0, 0.258818924, 0, -1, 0, 0.258818924, 0, -0.965925515);
				CFrame.new(-1284.87097, 128.589355, 1638.43286, 0.965925515, 0, -0.258818924, 0, 1, 0, 0.258818924, 0, 0.965925515);
				CFrame.new(-1284.87097, 133.589355, 1638.43286, 0.965925515, 0, -0.258818924, 0, 1, 0, 0.258818924, 0, 0.965925515);
				CFrame.new(-1284.87097, 138.589355, 1638.43286, 0.965925515, 0, -0.258818924, 0, 1, 0, 0.258818924, 0, 0.965925515);
				CFrame.new(-1251.06372, 153.589355, 1647.4917, 0.965925515, 0, 0.258818924, 0, -1, 0, 0.258818924, 0, -0.965925515);
				CFrame.new(-1251.06372, 158.589355, 1647.4917, 0.965925515, 0, 0.258818924, 0, -1, 0, 0.258818924, 0, -0.965925515);
				CFrame.new(-1246.23401, 158.589355, 1648.78564, 0.965925515, 0, 0.258818924, 0, -1, 0, 0.258818924, 0, -0.965925515);
				CFrame.new(-1246.23401, 153.589355, 1648.78564, 0.965925515, 0, 0.258818924, 0, -1, 0, 0.258818924, 0, -0.965925515);
				CFrame.new(-1246.23401, 163.589355, 1648.78564, 0.965925515, 0, 0.258818924, 0, -1, 0, 0.258818924, 0, -0.965925515);
				CFrame.new(-1246.23401, 108.589355, 1648.78564, 0.965925515, 0, -0.258818924, 0, 1, 0, 0.258818924, 0, 0.965925515);
				CFrame.new(-1241.40442, 158.589355, 1650.07983, 0.965925515, 0, 0.258818924, 0, -1, 0, 0.258818924, 0, -0.965925515);
				CFrame.new(-1241.40442, 153.589355, 1650.07983, 0.965925515, 0, 0.258818924, 0, -1, 0, 0.258818924, 0, -0.965925515);
				CFrame.new(-1241.40442, 148.589355, 1650.07983, 0.965925515, 0, 0.258818924, 0, -1, 0, 0.258818924, 0, -0.965925515);
				CFrame.new(-1251.06372, 163.589355, 1647.4917, 0.965925515, 0, 0.258818924, 0, -1, 0, 0.258818924, 0, -0.965925515);
				CFrame.new(-1251.06372, 168.589355, 1647.4917, 0.965925515, 0, 0.258818924, 0, -1, 0, 0.258818924, 0, -0.965925515);
				CFrame.new(-1236.57483, 108.589363, 1651.37378, 0.965925515, 0, -0.258818924, 0, 1, 0, 0.258818924, 0, 0.965925515);
				CFrame.new(-1270.38208, 108.589363, 1642.31519, 0.965925515, 0, -0.258818924, 0, 1, 0, 0.258818924, 0, 0.965925515);
				CFrame.new(-1236.57483, 118.589355, 1651.37378, 0.965925515, 0, 0.258818924, 0, -1, 0, 0.258818924, 0, -0.965925515);
				CFrame.new(-1265.55249, 108.589363, 1643.60913, 0.965925515, 0, -0.258818924, 0, 1, 0, 0.258818924, 0, 0.965925515);
				CFrame.new(-1275.21191, 108.589363, 1641.02112, 0.965925515, 0, -0.258818924, 0, 1, 0, 0.258818924, 0, 0.965925515);
				CFrame.new(-1226.91553, 143.589355, 1653.96216, 0.965925515, 0, 0.258818924, 0, -1, 0, 0.258818924, 0, -0.965925515);
				CFrame.new(-1231.74512, 143.589355, 1652.66797, 0.965925515, 0, 0.258818924, 0, -1, 0, 0.258818924, 0, -0.965925515);
				CFrame.new(-1231.74512, 138.589355, 1652.66797, 0.965925515, 0, 0.258818924, 0, -1, 0, 0.258818924, 0, -0.965925515);
				CFrame.new(-1260.7229, 108.589363, 1644.90332, 0.965925515, 0, -0.258818924, 0, 1, 0, 0.258818924, 0, 0.965925515);
				CFrame.new(-1284.87097, 113.589363, 1638.43286, 0.965925515, 0, -0.258818924, 0, 1, 0, 0.258818924, 0, 0.965925515);
				CFrame.new(-1255.89319, 108.589363, 1646.19751, 0.965925515, 0, -0.258818924, 0, 1, 0, 0.258818924, 0, 0.965925515);
				CFrame.new(-1226.91553, 108.589363, 1653.96216, 0.965925515, 0, -0.258818924, 0, 1, 0, 0.258818924, 0, 0.965925515);
				CFrame.new(-1222.08594, 108.589363, 1655.2561, 0.965925515, 0, -0.258818924, 0, 1, 0, 0.258818924, 0, 0.965925515);
				CFrame.new(-1284.87097, 118.589363, 1638.43286, 0.965925515, 0, -0.258818924, 0, 1, 0, 0.258818924, 0, 0.965925515);
				CFrame.new(-1231.74512, 108.589363, 1652.66797, 0.965925515, 0, -0.258818924, 0, 1, 0, 0.258818924, 0, 0.965925515);
				CFrame.new(-1260.7229, 103.589363, 1644.90332, 0.965925515, 0, -0.258818924, 0, 1, 0, 0.258818924, 0, 0.965925515);
				CFrame.new(-1265.55249, 103.589363, 1643.60913, 0.965925515, 0, -0.258818924, 0, 1, 0, 0.258818924, 0, 0.965925515);
				CFrame.new(-1255.89319, 103.589363, 1646.19751, 0.965925515, 0, -0.258818924, 0, 1, 0, 0.258818924, 0, 0.965925515);
				CFrame.new(-1226.91553, 103.589355, 1653.96216, 0.965925515, 0, -0.258818924, 0, 1, 0, 0.258818924, 0, 0.965925515);
				CFrame.new(-1215.61536, 103.589355, 1631.10815, 0.258818924, 0, 0.965925515, 0, 1, 0, -0.965925515, 0, 0.258818924);
				CFrame.new(-1231.74512, 103.589355, 1652.66797, 0.965925515, 0, -0.258818924, 0, 1, 0, 0.258818924, 0, 0.965925515);
				CFrame.new(-1222.08594, 103.589355, 1655.2561, 0.965925515, 0, -0.258818924, 0, 1, 0, 0.258818924, 0, 0.965925515);
				CFrame.new(-1214.32129, 103.589355, 1626.27844, 0.258818924, 0, 0.965925515, 0, 1, 0, -0.965925515, 0, 0.258818924);
				CFrame.new(-1213.02722, 103.589355, 1621.44897, 0.258818924, 0, 0.965925515, 0, 1, 0, -0.965925515, 0, 0.258818924);
			};
			["Box"] = {
				CFrame.new(-1266.02039, 106.089355, 1635.1936, 0.965924859, 0, -0.258818746, 0, 1, 0, 0.258818746, 0, 0.965924859);
				CFrame.new(-1261.1908, 106.089355, 1636.48767, 0.965924859, 0, -0.258818746, 0, 1, 0, 0.258818746, 0, 0.965924859);
				CFrame.new(-1256.36108, 106.089355, 1637.78186, 0.965924859, 0, -0.258818746, 0, 1, 0, 0.258818746, 0, 0.965924859);
				CFrame.new(-1251.53149, 106.089355, 1639.07593, 0.965924859, 0, -0.258818746, 0, 1, 0, 0.258818746, 0, 0.965924859);
				CFrame.new(-1246.7019, 106.089355, 1640.37, 0.965924859, 0, -0.258818746, 0, 1, 0, 0.258818746, 0, 0.965924859);
				CFrame.new(-1247.99597, 106.089355, 1645.19958, 0.965924859, 0, -0.258818746, 0, 1, 0, 0.258818746, 0, 0.965924859);
				CFrame.new(-1252.82556, 106.089355, 1643.90552, 0.965924859, 0, -0.258818746, 0, 1, 0, 0.258818746, 0, 0.965924859);
				CFrame.new(-1257.65515, 106.089355, 1642.61145, 0.965924859, 0, -0.258818746, 0, 1, 0, 0.258818746, 0, 0.965924859);
				CFrame.new(-1262.48499, 106.089355, 1641.31726, 0.965924859, 0, -0.258818746, 0, 1, 0, 0.258818746, 0, 0.965924859);
				CFrame.new(-1267.31458, 106.089355, 1640.02319, 0.965924859, 0, -0.258818746, 0, 1, 0, 0.258818746, 0, 0.965924859);
				CFrame.new(-1268.60864, 106.089355, 1644.85278, 0.965924859, 0, -0.258818746, 0, 1, 0, 0.258818746, 0, 0.965924859);
				CFrame.new(-1263.77905, 106.089355, 1646.14685, 0.965924859, 0, -0.258818746, 0, 1, 0, 0.258818746, 0, 0.965924859);
				CFrame.new(-1258.94934, 106.089355, 1647.44104, 0.965924859, 0, -0.258818746, 0, 1, 0, 0.258818746, 0, 0.965924859);
				CFrame.new(-1254.11975, 106.089355, 1648.73511, 0.965924859, 0, -0.258818746, 0, 1, 0, 0.258818746, 0, 0.965924859);
				CFrame.new(-1249.29016, 106.089355, 1650.02917, 0.965924859, 0, -0.258818746, 0, 1, 0, 0.258818746, 0, 0.965924859);
				CFrame.new(-1250.58423, 106.089355, 1654.85889, 0.965924859, 0, -0.258818746, 0, 1, 0, 0.258818746, 0, 0.965924859);
				CFrame.new(-1255.41382, 106.089355, 1653.56482, 0.965925813, 0, -0.258819014, 0, 1, 0, 0.258819014, 0, 0.965925813);
				CFrame.new(-1265.07312, 106.089355, 1650.97656, 0.965924859, 0, -0.258818746, 0, 1, 0, 0.258818746, 0, 0.965924859);
				CFrame.new(-1269.90271, 106.089355, 1649.6825, 0.965924859, 0, -0.258818746, 0, 1, 0, 0.258818746, 0, 0.965924859);
				CFrame.new(-1260.24341, 106.089355, 1652.27063, 0.965924859, 0, -0.258818746, 0, 1, 0, 0.258818746, 0, 0.965924859);
				CFrame.new(-1251.8783, 106.089355, 1659.68848, 0.965924859, 0, -0.258818746, 0, 1, 0, 0.258818746, 0, 0.965924859);
				CFrame.new(-1256.70789, 106.089355, 1658.39441, 0.965925813, 0, -0.258819014, 0, 1, 0, 0.258819014, 0, 0.965925813);
				CFrame.new(-1266.36719, 106.089355, 1655.80615, 0.965924859, 0, -0.258818746, 0, 1, 0, 0.258818746, 0, 0.965924859);
				CFrame.new(-1271.19678, 106.089355, 1654.51208, 0.965924859, 0, -0.258818746, 0, 1, 0, 0.258818746, 0, 0.965924859);
				CFrame.new(-1261.53748, 106.089355, 1657.10022, 0.965924859, 0, -0.258818746, 0, 1, 0, 0.258818746, 0, 0.965924859);
				CFrame.new(-1261.53748, 111.089371, 1657.10022, 0.965925813, 0, -0.258819014, 0, 1, 0, 0.258819014, 0, 0.965925813);
				CFrame.new(-1266.36719, 111.089371, 1655.80615, 0.965925813, 0, -0.258819014, 0, 1, 0, 0.258819014, 0, 0.965925813);
				CFrame.new(-1271.19678, 111.089371, 1654.51208, 0.965925813, 0, -0.258819014, 0, 1, 0, 0.258819014, 0, 0.965925813);
				CFrame.new(-1269.90271, 111.089371, 1649.6825, 0.965925813, 0, -0.258819014, 0, 1, 0, 0.258819014, 0, 0.965925813);
				CFrame.new(-1268.60864, 111.089371, 1644.85278, 0.965925813, 0, -0.258819014, 0, 1, 0, 0.258819014, 0, 0.965925813);
				CFrame.new(-1267.31458, 111.089371, 1640.02319, 0.965925813, 0, -0.258819014, 0, 1, 0, 0.258819014, 0, 0.965925813);
				CFrame.new(-1266.02039, 111.089371, 1635.1936, 0.965925813, 0, -0.258819014, 0, 1, 0, 0.258819014, 0, 0.965925813);
				CFrame.new(-1261.1908, 111.089371, 1636.48767, 0.965925813, 0, -0.258819014, 0, 1, 0, 0.258819014, 0, 0.965925813);
				CFrame.new(-1256.36108, 111.089371, 1637.78186, 0.965925813, 0, -0.258819014, 0, 1, 0, 0.258819014, 0, 0.965925813);
				CFrame.new(-1251.53149, 111.089371, 1639.07593, 0.965925813, 0, -0.258819014, 0, 1, 0, 0.258819014, 0, 0.965925813);
				CFrame.new(-1246.7019, 111.089371, 1640.37, 0.965925813, 0, -0.258819014, 0, 1, 0, 0.258819014, 0, 0.965925813);
				CFrame.new(-1247.99597, 111.089371, 1645.19958, 0.965925813, 0, -0.258819014, 0, 1, 0, 0.258819014, 0, 0.965925813);
				CFrame.new(-1249.29016, 111.089371, 1650.02917, 0.965925813, 0, -0.258819014, 0, 1, 0, 0.258819014, 0, 0.965925813);
				CFrame.new(-1250.58423, 111.089371, 1654.85889, 0.965925813, 0, -0.258819014, 0, 1, 0, 0.258819014, 0, 0.965925813);
				CFrame.new(-1251.8783, 111.089371, 1659.68848, 0.965925813, 0, -0.258819014, 0, 1, 0, 0.258819014, 0, 0.965925813);
				CFrame.new(-1261.1908, 116.089378, 1636.48767, 0.965925813, 0, -0.258819014, 0, 1, 0, 0.258819014, 0, 0.965925813);
				CFrame.new(-1269.90271, 116.089378, 1649.6825, 0.965925813, 0, -0.258819014, 0, 1, 0, 0.258819014, 0, 0.965925813);
				CFrame.new(-1251.53149, 116.089378, 1639.07593, 0.965925813, 0, -0.258819014, 0, 1, 0, 0.258819014, 0, 0.965925813);
				CFrame.new(-1256.36108, 116.089378, 1637.78186, 0.965925813, 0, -0.258819014, 0, 1, 0, 0.258819014, 0, 0.965925813);
				CFrame.new(-1268.60864, 116.089378, 1644.85278, 0.965925813, 0, -0.258819014, 0, 1, 0, 0.258819014, 0, 0.965925813);
				CFrame.new(-1267.31458, 116.089378, 1640.02319, 0.965925813, 0, -0.258819014, 0, 1, 0, 0.258819014, 0, 0.965925813);
				CFrame.new(-1266.02039, 116.089378, 1635.1936, 0.965925813, 0, -0.258819014, 0, 1, 0, 0.258819014, 0, 0.965925813);
				CFrame.new(-1271.19678, 116.089378, 1654.51208, 0.965925813, 0, -0.258819014, 0, 1, 0, 0.258819014, 0, 0.965925813);
				CFrame.new(-1256.70789, 116.089378, 1658.39441, 0.965925813, 0, -0.258819014, 0, 1, 0, 0.258819014, 0, 0.965925813);
				CFrame.new(-1266.36719, 116.089378, 1655.80615, 0.965925813, 0, -0.258819014, 0, 1, 0, 0.258819014, 0, 0.965925813);
				CFrame.new(-1251.8783, 116.089378, 1659.68848, 0.965925813, 0, -0.258819014, 0, 1, 0, 0.258819014, 0, 0.965925813);
				CFrame.new(-1261.53748, 116.089378, 1657.10022, 0.965925813, 0, -0.258819014, 0, 1, 0, 0.258819014, 0, 0.965925813);
				CFrame.new(-1249.29016, 116.089378, 1650.02917, 0.965925813, 0, -0.258819014, 0, 1, 0, 0.258819014, 0, 0.965925813);
				CFrame.new(-1250.58423, 116.089378, 1654.85889, 0.965925813, 0, -0.258819014, 0, 1, 0, 0.258819014, 0, 0.965925813);
				CFrame.new(-1247.99597, 116.089378, 1645.19958, 0.965925813, 0, -0.258819014, 0, 1, 0, 0.258819014, 0, 0.965925813);
				CFrame.new(-1246.7019, 116.089378, 1640.37, 0.965925813, 0, -0.258819014, 0, 1, 0, 0.258819014, 0, 0.965925813);
				CFrame.new(-1251.53149, 121.089378, 1639.07593, 0.965925813, 0, -0.258819014, 0, 1, 0, 0.258819014, 0, 0.965925813);
				CFrame.new(-1247.99597, 121.089378, 1645.19958, 0.965925813, 0, -0.258819014, 0, 1, 0, 0.258819014, 0, 0.965925813);
				CFrame.new(-1261.1908, 121.089378, 1636.48767, 0.965925813, 0, -0.258819014, 0, 1, 0, 0.258819014, 0, 0.965925813);
				CFrame.new(-1256.36108, 121.089378, 1637.78186, 0.965925813, 0, -0.258819014, 0, 1, 0, 0.258819014, 0, 0.965925813);
				CFrame.new(-1266.02039, 121.089378, 1635.1936, 0.965925813, 0, -0.258819014, 0, 1, 0, 0.258819014, 0, 0.965925813);
				CFrame.new(-1267.31458, 121.089378, 1640.02319, 0.965925813, 0, -0.258819014, 0, 1, 0, 0.258819014, 0, 0.965925813);
				CFrame.new(-1268.60864, 121.089378, 1644.85278, 0.965925813, 0, -0.258819014, 0, 1, 0, 0.258819014, 0, 0.965925813);
				CFrame.new(-1251.8783, 121.089378, 1659.68848, 0.965925813, 0, -0.258819014, 0, 1, 0, 0.258819014, 0, 0.965925813);
				CFrame.new(-1271.19678, 121.089378, 1654.51208, 0.965925813, 0, -0.258819014, 0, 1, 0, 0.258819014, 0, 0.965925813);
				CFrame.new(-1249.29016, 121.089378, 1650.02917, 0.965925813, 0, -0.258819014, 0, 1, 0, 0.258819014, 0, 0.965925813);
				CFrame.new(-1266.36719, 121.089378, 1655.80615, 0.965925813, 0, -0.258819014, 0, 1, 0, 0.258819014, 0, 0.965925813);
				CFrame.new(-1261.53748, 121.089378, 1657.10022, 0.965925813, 0, -0.258819014, 0, 1, 0, 0.258819014, 0, 0.965925813);
				CFrame.new(-1250.58423, 121.089378, 1654.85889, 0.965925813, 0, -0.258819014, 0, 1, 0, 0.258819014, 0, 0.965925813);
				CFrame.new(-1246.7019, 121.089378, 1640.37, 0.965925813, 0, -0.258819014, 0, 1, 0, 0.258819014, 0, 0.965925813);
				CFrame.new(-1256.70789, 121.089378, 1658.39441, 0.965925813, 0, -0.258819014, 0, 1, 0, 0.258819014, 0, 0.965925813);
				CFrame.new(-1269.90271, 121.089378, 1649.6825, 0.965925813, 0, -0.258819014, 0, 1, 0, 0.258819014, 0, 0.965925813);
				CFrame.new(-1254.11975, 126.089371, 1648.73511, 0.965924859, 0, -0.258818746, 0, 1, 0, 0.258818746, 0, 0.965924859);
				CFrame.new(-1252.82556, 126.089371, 1643.90552, 0.965924859, 0, -0.258818746, 0, 1, 0, 0.258818746, 0, 0.965924859);
				CFrame.new(-1260.24341, 126.089371, 1652.27063, 0.965924859, 0, -0.258818746, 0, 1, 0, 0.258818746, 0, 0.965924859);
				CFrame.new(-1257.65515, 126.089371, 1642.61145, 0.965924859, 0, -0.258818746, 0, 1, 0, 0.258818746, 0, 0.965924859);
				CFrame.new(-1265.07312, 126.089371, 1650.97656, 0.965924859, 0, -0.258818746, 0, 1, 0, 0.258818746, 0, 0.965924859);
				CFrame.new(-1258.94934, 126.089371, 1647.44104, 0.965924859, 0, -0.258818746, 0, 1, 0, 0.258818746, 0, 0.965924859);
				CFrame.new(-1255.41382, 126.089371, 1653.56482, 0.965925813, 0, -0.258819014, 0, 1, 0, 0.258819014, 0, 0.965925813);
				CFrame.new(-1262.48499, 126.089371, 1641.31726, 0.965924859, 0, -0.258818746, 0, 1, 0, 0.258818746, 0, 0.965924859);
				CFrame.new(-1263.77905, 126.089371, 1646.14685, 0.965924859, 0, -0.258818746, 0, 1, 0, 0.258818746, 0, 0.965924859);
				CFrame.new(-1247.99597, 126.089378, 1645.19958, 0.965925813, 0, -0.258819014, 0, 1, 0, 0.258819014, 0, 0.965925813);
				CFrame.new(-1246.7019, 126.089378, 1640.37, 0.965925813, 0, -0.258819014, 0, 1, 0, 0.258819014, 0, 0.965925813);
				CFrame.new(-1251.53149, 126.089378, 1639.07593, 0.965925813, 0, -0.258819014, 0, 1, 0, 0.258819014, 0, 0.965925813);
				CFrame.new(-1256.36108, 126.089378, 1637.78186, 0.965925813, 0, -0.258819014, 0, 1, 0, 0.258819014, 0, 0.965925813);
				CFrame.new(-1256.70789, 126.089378, 1658.39441, 0.965925813, 0, -0.258819014, 0, 1, 0, 0.258819014, 0, 0.965925813);
				CFrame.new(-1266.36719, 126.089378, 1655.80615, 0.965925813, 0, -0.258819014, 0, 1, 0, 0.258819014, 0, 0.965925813);
				CFrame.new(-1271.19678, 126.089378, 1654.51208, 0.965925813, 0, -0.258819014, 0, 1, 0, 0.258819014, 0, 0.965925813);
				CFrame.new(-1269.90271, 126.089378, 1649.6825, 0.965925813, 0, -0.258819014, 0, 1, 0, 0.258819014, 0, 0.965925813);
				CFrame.new(-1261.53748, 126.089378, 1657.10022, 0.965925813, 0, -0.258819014, 0, 1, 0, 0.258819014, 0, 0.965925813);
				CFrame.new(-1261.1908, 126.089378, 1636.48767, 0.965925813, 0, -0.258819014, 0, 1, 0, 0.258819014, 0, 0.965925813);
