_G.Poses = {
	Creeper = {
		Amount = 169;
		Positions = {
			CFrame.new(-1344.44897, 143.589355, 1679.6908, 1, 0, 0, 0, 1, 0, 0, 0, 1);
			CFrame.new(-1339.44897, 143.589355, 1679.6908, 1, 0, 0, 0, 1, 0, 0, 0, 1);
			CFrame.new(-1334.44897, 143.589355, 1679.6908, 1, 0, 0, 0, 1, 0, 0, 0, 1);
			CFrame.new(-1329.44897, 143.589355, 1679.6908, 1, 0, 0, 0, 1, 0, 0, 0, 1);
			CFrame.new(-1324.44897, 143.589355, 1679.6908, 1, 0, 0, 0, 1, 0, 0, 0, 1);
			CFrame.new(-1319.44897, 143.589355, 1679.6908, 1, 0, 0, 0, 1, 0, 0, 0, 1);
			CFrame.new(-1314.44897, 143.589355, 1679.6908, 1, 0, 0, 0, 1, 0, 0, 0, 1);
			CFrame.new(-1344.44897, 148.589355, 1679.6908, 1, 0, 0, 0, 1, 0, 0, 0, 1);
			CFrame.new(-1339.44897, 148.589355, 1679.6908, 1, 0, 0, 0, 1, 0, 0, 0, 1);
			CFrame.new(-1334.44897, 148.589355, 1679.6908, 1, 0, 0, 0, 1, 0, 0, 0, 1);
			CFrame.new(-1329.44897, 148.589355, 1679.6908, 1, 0, 0, 0, 1, 0, 0, 0, 1);
			CFrame.new(-1324.44897, 148.589355, 1679.6908, 1, 0, 0, 0, 1, 0, 0, 0, 1);
			CFrame.new(-1314.44897, 148.589355, 1679.6908, 1, 0, 0, 0, 1, 0, 0, 0, 1);
			CFrame.new(-1319.44897, 148.589355, 1679.6908, 1, 0, 0, 0, 1, 0, 0, 0, 1);
			CFrame.new(-1319.44897, 153.589355, 1679.6908, 1, 0, 0, 0, 1, 0, 0, 0, 1);
			CFrame.new(-1314.44897, 153.589355, 1679.6908, 1, 0, 0, 0, 1, 0, 0, 0, 1);
			CFrame.new(-1334.44897, 153.589355, 1679.6908, 1, 0, 0, 0, 1, 0, 0, 0, 1);
			CFrame.new(-1339.44897, 153.589355, 1679.6908, 1, 0, 0, 0, 1, 0, 0, 0, 1);
			CFrame.new(-1344.44897, 153.589355, 1679.6908, 1, 0, 0, 0, 1, 0, 0, 0, 1);
			CFrame.new(-1344.44897, 158.589355, 1679.6908, 1, 0, 0, 0, 1, 0, 0, 0, 1);
			CFrame.new(-1339.44897, 158.589355, 1679.6908, 1, 0, 0, 0, 1, 0, 0, 0, 1);
			CFrame.new(-1334.44897, 158.589355, 1679.6908, 1, 0, 0, 0, 1, 0, 0, 0, 1);
			CFrame.new(-1334.44897, 163.589355, 1679.6908, 1, 0, 0, 0, 1, 0, 0, 0, 1);
			CFrame.new(-1339.44897, 163.589355, 1679.6908, 1, 0, 0, 0, 1, 0, 0, 0, 1);
			CFrame.new(-1344.44897, 163.589355, 1679.6908, 1, 0, 0, 0, 1, 0, 0, 0, 1);
			CFrame.new(-1344.44897, 163.589355, 1679.6908, 1, 0, 0, 0, 1, 0, 0, 0, 1);
			CFrame.new(-1324.44897, 173.589355, 1679.6908, 1, 0, 0, 0, 1, 0, 0, 0, 1);
			CFrame.new(-1344.44897, 173.589355, 1679.6908, 1, 0, 0, 0, 1, 0, 0, 0, 1);
			CFrame.new(-1334.44897, 168.589355, 1679.6908, 1, 0, 0, 0, 1, 0, 0, 0, 1);
			CFrame.new(-1329.44897, 173.589355, 1679.6908, 1, 0, 0, 0, 1, 0, 0, 0, 1);
			CFrame.new(-1344.44897, 173.589355, 1679.6908, 1, 0, 0, 0, 1, 0, 0, 0, 1);
			CFrame.new(-1344.44897, 168.589355, 1679.6908, 1, 0, 0, 0, 1, 0, 0, 0, 1);
			CFrame.new(-1339.44897, 168.589355, 1679.6908, 1, 0, 0, 0, 1, 0, 0, 0, 1);
			CFrame.new(-1339.44897, 173.589355, 1679.6908, 1, 0, 0, 0, 1, 0, 0, 0, 1);
			CFrame.new(-1334.44897, 173.589355, 1679.6908, 1, 0, 0, 0, 1, 0, 0, 0, 1);
			CFrame.new(-1314.44897, 188.589355, 1679.6908, 1, 0, 0, 0, 1, 0, 0, 0, 1);
			CFrame.new(-1319.44897, 193.589355, 1679.6908, 1, 0, 0, 0, 1, 0, 0, 0, 1);
			CFrame.new(-1314.44897, 193.589355, 1679.6908, 1, 0, 0, 0, 1, 0, 0, 0, 1);
			CFrame.new(-1319.44897, 188.589355, 1679.6908, 1, 0, 0, 0, 1, 0, 0, 0, 1);
			CFrame.new(-1344.44897, 178.589355, 1679.6908, 1, 0, 0, 0, 1, 0, 0, 0, 1);
			CFrame.new(-1339.44897, 188.589355, 1679.6908, 1, 0, 0, 0, 1, 0, 0, 0, 1);
			CFrame.new(-1344.44897, 193.589355, 1679.6908, 1, 0, 0, 0, 1, 0, 0, 0, 1);
			CFrame.new(-1334.44897, 178.589355, 1679.6908, 1, 0, 0, 0, 1, 0, 0, 0, 1);
			CFrame.new(-1339.44897, 178.589355, 1679.6908, 1, 0, 0, 0, 1, 0, 0, 0, 1);
			CFrame.new(-1339.44897, 193.589355, 1679.6908, 1, 0, 0, 0, 1, 0, 0, 0, 1);
			CFrame.new(-1329.44897, 178.589355, 1679.6908, 1, 0, 0, 0, 1, 0, 0, 0, 1);
			CFrame.new(-1344.44897, 188.589355, 1679.6908, 1, 0, 0, 0, 1, 0, 0, 0, 1);
			CFrame.new(-1324.44897, 178.589355, 1679.6908, 1, 0, 0, 0, 1, 0, 0, 0, 1);
			CFrame.new(-1344.44897, 193.589355, 1679.6908, 1, 0, 0, 0, 1, 0, 0, 0, 1);
			CFrame.new(-1324.44897, 183.589355, 1679.6908, 1, 0, 0, 0, 1, 0, 0, 0, 1);
			CFrame.new(-1329.44897, 183.589355, 1679.6908, 1, 0, 0, 0, 1, 0, 0, 0, 1);
			CFrame.new(-1334.44897, 183.589355, 1679.6908, 1, 0, 0, 0, 1, 0, 0, 0, 1);
			CFrame.new(-1344.44897, 183.589355, 1679.6908, 1, 0, 0, 0, 1, 0, 0, 0, 1);
			CFrame.new(-1339.44897, 183.589355, 1679.6908, 1, 0, 0, 0, 1, 0, 0, 0, 1);
			CFrame.new(-1344.44897, 183.589355, 1679.6908, 1, 0, 0, 0, 1, 0, 0, 0, 1);
			CFrame.new(-1279.44897, 178.589355, 1679.6908, 1, 0, 0, 0, 1, 0, 0, 0, 1);
			CFrame.new(-1284.44897, 178.589355, 1679.6908, 1, 0, 0, 0, 1, 0, 0, 0, 1);
			CFrame.new(-1309.44897, 188.589355, 1679.6908, 1, 0, 0, 0, 1, 0, 0, 0, 1);
			CFrame.new(-1294.44897, 183.589355, 1679.6908, 1, 0, 0, 0, 1, 0, 0, 0, 1);
			CFrame.new(-1309.44897, 193.589355, 1679.6908, 1, 0, 0, 0, 1, 0, 0, 0, 1);
			CFrame.new(-1299.44897, 178.589355, 1679.6908, 1, 0, 0, 0, 1, 0, 0, 0, 1);
			CFrame.new(-1289.44897, 178.589355, 1679.6908, 1, 0, 0, 0, 1, 0, 0, 0, 1);
			CFrame.new(-1279.44897, 188.589355, 1679.6908, 1, 0, 0, 0, 1, 0, 0, 0, 1);
			CFrame.new(-1289.44897, 183.589355, 1679.6908, 1, 0, 0, 0, 1, 0, 0, 0, 1);
			CFrame.new(-1279.44897, 183.589355, 1679.6908, 1, 0, 0, 0, 1, 0, 0, 0, 1);
			CFrame.new(-1279.44897, 193.589355, 1679.6908, 1, 0, 0, 0, 1, 0, 0, 0, 1);
			CFrame.new(-1299.44897, 183.589355, 1679.6908, 1, 0, 0, 0, 1, 0, 0, 0, 1);
			CFrame.new(-1304.44897, 188.589355, 1679.6908, 1, 0, 0, 0, 1, 0, 0, 0, 1);
			CFrame.new(-1304.44897, 193.589355, 1679.6908, 1, 0, 0, 0, 1, 0, 0, 0, 1);
			CFrame.new(-1309.44897, 193.589355, 1679.6908, 1, 0, 0, 0, 1, 0, 0, 0, 1);
			CFrame.new(-1294.44897, 178.589355, 1679.6908, 1, 0, 0, 0, 1, 0, 0, 0, 1);
			CFrame.new(-1284.44897, 183.589355, 1679.6908, 1, 0, 0, 0, 1, 0, 0, 0, 1);
			CFrame.new(-1279.44897, 168.589355, 1679.6908, 1, 0, 0, 0, 1, 0, 0, 0, 1);
			CFrame.new(-1289.44897, 158.589355, 1679.6908, 1, 0, 0, 0, 1, 0, 0, 0, 1);
			CFrame.new(-1294.44897, 173.589355, 1679.6908, 1, 0, 0, 0, 1, 0, 0, 0, 1);
			CFrame.new(-1284.44897, 158.589355, 1679.6908, 1, 0, 0, 0, 1, 0, 0, 0, 1);
			CFrame.new(-1289.44897, 168.589355, 1679.6908, 1, 0, 0, 0, 1, 0, 0, 0, 1);
			CFrame.new(-1284.44897, 163.589355, 1679.6908, 1, 0, 0, 0, 1, 0, 0, 0, 1);
			CFrame.new(-1279.44897, 163.589355, 1679.6908, 1, 0, 0, 0, 1, 0, 0, 0, 1);
			CFrame.new(-1289.44897, 163.589355, 1679.6908, 1, 0, 0, 0, 1, 0, 0, 0, 1);
			CFrame.new(-1279.44897, 158.589355, 1679.6908, 1, 0, 0, 0, 1, 0, 0, 0, 1);
			CFrame.new(-1284.44897, 168.589355, 1679.6908, 1, 0, 0, 0, 1, 0, 0, 0, 1);
			CFrame.new(-1284.44897, 173.589355, 1679.6908, 1, 0, 0, 0, 1, 0, 0, 0, 1);
			CFrame.new(-1289.44897, 173.589355, 1679.6908, 1, 0, 0, 0, 1, 0, 0, 0, 1);
			CFrame.new(-1299.44897, 173.589355, 1679.6908, 1, 0, 0, 0, 1, 0, 0, 0, 1);
			CFrame.new(-1279.44897, 173.589355, 1679.6908, 1, 0, 0, 0, 1, 0, 0, 0, 1);
			CFrame.new(-1294.44897, 143.589355, 1679.6908, 1, 0, 0, 0, 1, 0, 0, 0, 1);
			CFrame.new(-1299.44897, 143.589355, 1679.6908, 1, 0, 0, 0, 1, 0, 0, 0, 1);
			CFrame.new(-1289.44897, 143.589355, 1679.6908, 1, 0, 0, 0, 1, 0, 0, 0, 1);
			CFrame.new(-1304.44897, 153.589355, 1679.6908, 1, 0, 0, 0, 1, 0, 0, 0, 1);
			CFrame.new(-1309.44897, 153.589355, 1679.6908, 1, 0, 0, 0, 1, 0, 0, 0, 1);
			CFrame.new(-1309.44897, 153.589355, 1679.6908, 1, 0, 0, 0, 1, 0, 0, 0, 1);
			CFrame.new(-1309.44897, 148.589355, 1679.6908, 1, 0, 0, 0, 1, 0, 0, 0, 1);
			CFrame.new(-1309.44897, 143.589355, 1679.6908, 1, 0, 0, 0, 1, 0, 0, 0, 1);
			CFrame.new(-1304.44897, 148.589355, 1679.6908, 1, 0, 0, 0, 1, 0, 0, 0, 1);
			CFrame.new(-1309.44897, 143.589355, 1679.6908, 1, 0, 0, 0, 1, 0, 0, 0, 1);
			CFrame.new(-1304.44897, 143.589355, 1679.6908, 1, 0, 0, 0, 1, 0, 0, 0, 1);
			CFrame.new(-1284.44897, 148.589355, 1679.6908, 1, 0, 0, 0, 1, 0, 0, 0, 1);
			CFrame.new(-1284.44897, 143.589355, 1679.6908, 1, 0, 0, 0, 1, 0, 0, 0, 1);
			CFrame.new(-1279.44897, 143.589355, 1679.6908, 1, 0, 0, 0, 1, 0, 0, 0, 1);
			CFrame.new(-1284.44897, 153.589355, 1679.6908, 1, 0, 0, 0, 1, 0, 0, 0, 1);
			CFrame.new(-1289.44897, 153.589355, 1679.6908, 1, 0, 0, 0, 1, 0, 0, 0, 1);
			CFrame.new(-1294.44897, 148.589355, 1679.6908, 1, 0, 0, 0, 1, 0, 0, 0, 1);
			CFrame.new(-1289.44897, 148.589355, 1679.6908, 1, 0, 0, 0, 1, 0, 0, 0, 1);
			CFrame.new(-1279.44897, 148.589355, 1679.6908, 1, 0, 0, 0, 1, 0, 0, 0, 1);
			CFrame.new(-1279.44897, 153.589355, 1679.6908, 1, 0, 0, 0, 1, 0, 0, 0, 1);
			CFrame.new(-1299.44897, 148.589355, 1679.6908, 1, 0, 0, 0, 1, 0, 0, 0, 1);
			CFrame.new(-1344.44897, 203.589355, 1679.6908, 1, 0, 0, 0, 1, 0, 0, 0, 1);
			CFrame.new(-1339.44897, 203.589355, 1679.6908, 1, 0, 0, 0, 1, 0, 0, 0, 1);
			CFrame.new(-1344.44897, 198.589355, 1679.6908, 1, 0, 0, 0, 1, 0, 0, 0, 1);
			CFrame.new(-1344.44897, 203.589355, 1679.6908, 1, 0, 0, 0, 1, 0, 0, 0, 1);
			CFrame.new(-1339.44897, 198.589355, 1679.6908, 1, 0, 0, 0, 1, 0, 0, 0, 1);
			CFrame.new(-1329.44897, 203.589355, 1679.6908, 1, 0, 0, 0, 1, 0, 0, 0, 1);
			CFrame.new(-1319.44897, 198.589355, 1679.6908, 1, 0, 0, 0, 1, 0, 0, 0, 1);
			CFrame.new(-1334.44897, 203.589355, 1679.6908, 1, 0, 0, 0, 1, 0, 0, 0, 1);
			CFrame.new(-1294.44897, 203.589355, 1679.6908, 1, 0, 0, 0, 1, 0, 0, 0, 1);
			CFrame.new(-1314.44897, 203.589355, 1679.6908, 1, 0, 0, 0, 1, 0, 0, 0, 1);
			CFrame.new(-1309.44897, 203.589355, 1679.6908, 1, 0, 0, 0, 1, 0, 0, 0, 1);
			CFrame.new(-1299.44897, 203.589355, 1679.6908, 1, 0, 0, 0, 1, 0, 0, 0, 1);
			CFrame.new(-1309.44897, 203.589355, 1679.6908, 1, 0, 0, 0, 1, 0, 0, 0, 1);
			CFrame.new(-1324.44897, 203.589355, 1679.6908, 1, 0, 0, 0, 1, 0, 0, 0, 1);
			CFrame.new(-1279.44897, 203.589355, 1679.6908, 1, 0, 0, 0, 1, 0, 0, 0, 1);
			CFrame.new(-1284.44897, 203.589355, 1679.6908, 1, 0, 0, 0, 1, 0, 0, 0, 1);
			CFrame.new(-1289.44897, 203.589355, 1679.6908, 1, 0, 0, 0, 1, 0, 0, 0, 1);
			CFrame.new(-1304.44897, 203.589355, 1679.6908, 1, 0, 0, 0, 1, 0, 0, 0, 1);
			CFrame.new(-1319.44897, 203.589355, 1679.6908, 1, 0, 0, 0, 1, 0, 0, 0, 1);
			CFrame.new(-1314.44897, 198.589355, 1679.6908, 1, 0, 0, 0, 1, 0, 0, 0, 1);
			CFrame.new(-1304.44897, 198.589355, 1679.6908, 1, 0, 0, 0, 1, 0, 0, 0, 1);
			CFrame.new(-1279.44897, 198.589355, 1679.6908, 1, 0, 0, 0, 1, 0, 0, 0, 1);
			CFrame.new(-1309.44897, 198.589355, 1679.6908, 1, 0, 0, 0, 1, 0, 0, 0, 1);
			CFrame.new(-1324.44897, 208.589355, 1679.6908, 1, 0, 0, 0, 1, 0, 0, 0, 1);
			CFrame.new(-1279.44897, 208.589355, 1679.6908, 1, 0, 0, 0, 1, 0, 0, 0, 1);
			CFrame.new(-1299.44897, 208.589355, 1679.6908, 1, 0, 0, 0, 1, 0, 0, 0, 1);
			CFrame.new(-1309.44897, 208.589355, 1679.6908, 1, 0, 0, 0, 1, 0, 0, 0, 1);
			CFrame.new(-1339.44897, 208.589355, 1679.6908, 1, 0, 0, 0, 1, 0, 0, 0, 1);
			CFrame.new(-1294.44897, 208.589355, 1679.6908, 1, 0, 0, 0, 1, 0, 0, 0, 1);
			CFrame.new(-1309.44897, 208.589355, 1679.6908, 1, 0, 0, 0, 1, 0, 0, 0, 1);
			CFrame.new(-1314.44897, 208.589355, 1679.6908, 1, 0, 0, 0, 1, 0, 0, 0, 1);
			CFrame.new(-1344.44897, 208.589355, 1679.6908, 1, 0, 0, 0, 1, 0, 0, 0, 1);
			CFrame.new(-1334.44897, 208.589355, 1679.6908, 1, 0, 0, 0, 1, 0, 0, 0, 1);
			CFrame.new(-1284.44897, 208.589355, 1679.6908, 1, 0, 0, 0, 1, 0, 0, 0, 1);
			CFrame.new(-1329.44897, 208.589355, 1679.6908, 1, 0, 0, 0, 1, 0, 0, 0, 1);
			CFrame.new(-1319.44897, 208.589355, 1679.6908, 1, 0, 0, 0, 1, 0, 0, 0, 1);
			CFrame.new(-1344.44897, 208.589355, 1679.6908, 1, 0, 0, 0, 1, 0, 0, 0, 1);
			CFrame.new(-1289.44897, 208.589355, 1679.6908, 1, 0, 0, 0, 1, 0, 0, 0, 1);
			CFrame.new(-1304.44897, 208.589355, 1679.6908, 1, 0, 0, 0, 1, 0, 0, 0, 1);
			CFrame.new(-1284.44897, 198.589355, 1679.6908, 1, 0, 0, 0, 1, 0, 0, 0, 1);
			CFrame.new(-1284.44897, 188.589355, 1679.6908, 1, 0, 0, 0, 1, 0, 0, 0, 1);
			CFrame.new(-1284.44897, 193.589355, 1679.6908, 1, 0, 0, 0, 1, 0, 0, 0, 1);
			CFrame.new(-1314.44897, 158.589355, 1679.6908, 1, 0, 0, 0, 1, 0, 0, 0, 1);
			CFrame.new(-1309.44897, 158.589355, 1679.6908, 1, 0, 0, 0, 1, 0, 0, 0, 1);
			CFrame.new(-1309.44897, 158.589355, 1679.6908, 1, 0, 0, 0, 1, 0, 0, 0, 1);
			CFrame.new(-1299.44897, 153.589355, 1679.6908, 1, 0, 0, 0, 1, 0, 0, 0, 1);
			CFrame.new(-1324.44897, 153.589355, 1679.6908, 1, 0, 0, 0, 1, 0, 0, 0, 1);
			CFrame.new(-1304.44897, 213.589355, 1679.6908, 1, 0, 0, 0, 1, 0, 0, 0, 1);
			CFrame.new(-1344.44897, 213.589355, 1679.6908, 1, 0, 0, 0, 1, 0, 0, 0, 1);
			CFrame.new(-1329.44897, 213.589355, 1679.6908, 1, 0, 0, 0, 1, 0, 0, 0, 1);
			CFrame.new(-1289.44897, 213.589355, 1679.6908, 1, 0, 0, 0, 1, 0, 0, 0, 1);
			CFrame.new(-1319.44897, 213.589355, 1679.6908, 1, 0, 0, 0, 1, 0, 0, 0, 1);
			CFrame.new(-1339.44897, 213.589355, 1679.6908, 1, 0, 0, 0, 1, 0, 0, 0, 1);
			CFrame.new(-1334.44897, 213.589355, 1679.6908, 1, 0, 0, 0, 1, 0, 0, 0, 1);
			CFrame.new(-1324.44897, 213.589355, 1679.6908, 1, 0, 0, 0, 1, 0, 0, 0, 1);
			CFrame.new(-1279.44897, 213.589355, 1679.6908, 1, 0, 0, 0, 1, 0, 0, 0, 1);
			CFrame.new(-1299.44897, 213.589355, 1679.6908, 1, 0, 0, 0, 1, 0, 0, 0, 1);
			CFrame.new(-1309.44897, 213.589355, 1679.6908, 1, 0, 0, 0, 1, 0, 0, 0, 1);
			CFrame.new(-1294.44897, 213.589355, 1679.6908, 1, 0, 0, 0, 1, 0, 0, 0, 1);
			CFrame.new(-1309.44897, 213.589355, 1679.6908, 1, 0, 0, 0, 1, 0, 0, 0, 1);
			CFrame.new(-1284.44897, 213.589355, 1679.6908, 1, 0, 0, 0, 1, 0, 0, 0, 1);
			CFrame.new(-1314.44897, 213.589355, 1679.6908, 1, 0, 0, 0, 1, 0, 0, 0, 1);
		}
	};
	FuckU = {
		Amount = 192;
		Positions = {
			CFrame.new(-1356.31921, 109.125916, 1679.89941, 1, 0, 0, 0, 1, 0, 0, 0, 1);
			CFrame.new(-1351.31921, 109.125916, 1679.89941, 0.707106769, 0.707106769, 0, -0.707106769, 0.707106769, 0, 0, 0, 1);
			CFrame.new(-1356.31921, 114.125916, 1679.89941, 1, 0, 0, 0, 1, 0, 0, 0, 1);
			CFrame.new(-1356.31921, 119.125916, 1679.89941, 1, 0, 0, 0, 1, 0, 0, 0, 1);
			CFrame.new(-1356.31921, 124.125916, 1679.89941, 1, 0, 0, 0, 1, 0, 0, 0, 1);
			CFrame.new(-1356.31921, 129.125916, 1679.89941, 1, 0, 0, 0, 1, 0, 0, 0, 1);
			CFrame.new(-1356.31921, 134.125916, 1679.89941, 1, 0, 0, 0, 1, 0, 0, 0, 1);
			CFrame.new(-1356.31921, 139.125916, 1679.89941, 1, 0, 0, 0, 1, 0, 0, 0, 1);
			CFrame.new(-1356.31921, 144.125916, 1679.89941, 1, 0, 0, 0, 1, 0, 0, 0, 1);
			CFrame.new(-1353.81921, 149.125916, 1679.89941, 1, 0, 0, 0, 1, 0, 0, 0, 1);
			CFrame.new(-1348.81921, 151.625916, 1679.89941, 1, 0, 0, 0, 1, 0, 0, 0, 1);
			CFrame.new(-1343.81921, 151.625916, 1679.89941, 1, 0, 0, 0, 1, 0, 0, 0, 1);
			CFrame.new(-1338.81921, 151.625916, 1679.89941, 1, 0, 0, 0, 1, 0, 0, 0, 1);
			CFrame.new(-1333.81921, 149.125916, 1679.89941, 1, 0, 0, 0, 1, 0, 0, 0, 1);
			CFrame.new(-1331.31921, 144.125916, 1679.89941, 0.707106769, -0.707106769, 0, 0.707106769, 0.707106769, 0, 0, 0, 1);
			CFrame.new(-1351.31921, 134.125916, 1679.89941, 1, 0, 0, 0, 1, 0, 0, 0, 1);
			CFrame.new(-1346.31921, 134.125916, 1679.89941, 0.707106769, 0.707106769, 0, -0.707106769, 0.707106769, 0, 0, 0, 1);
			CFrame.new(-1361.31921, 134.125916, 1679.89941, 0.707106769, -0.707106769, 0, 0.707106769, 0.707106769, 0, 0, 0, 1);
			CFrame.new(-1301.31921, 119.125916, 1679.89941, 1, 0, 0, 0, 1, 0, 0, 0, 1);
			CFrame.new(-1301.31921, 129.125916, 1679.89941, 0.707106769, 0.707106769, 0, -0.707106769, 0.707106769, 0, 0, 0, 1);
			CFrame.new(-1303.81921, 114.125916, 1679.89941, 1, 0, 0, 0, 1, 0, 0, 0, 1);
			CFrame.new(-1323.81921, 134.125916, 1679.89941, 0.707106769, -0.707106769, 0, 0.707106769, 0.707106769, 0, 0, 0, 1);
			CFrame.new(-1321.31921, 129.125916, 1679.89941, 1, 0, 0, 0, 1, 0, 0, 0, 1);
			CFrame.new(-1321.31921, 119.125916, 1679.89941, 1, 0, 0, 0, 1, 0, 0, 0, 1);
			CFrame.new(-1321.31921, 124.125916, 1679.89941, 1, 0, 0, 0, 1, 0, 0, 0, 1);
			CFrame.new(-1318.81921, 114.125916, 1679.89941, 1, 0, 0, 0, 1, 0, 0, 0, 1);
			CFrame.new(-1313.81921, 109.125916, 1679.89941, 0.707106769, 0.707106769, 0, -0.707106769, 0.707106769, 0, 0, 0, 1);
			CFrame.new(-1308.81921, 109.125916, 1679.89941, 0.707106769, -0.707106769, 0, 0.707106769, 0.707106769, 0, 0, 0, 1);
			CFrame.new(-1301.31921, 124.125916, 1679.89941, 1, 0, 0, 0, 1, 0, 0, 0, 1);
			CFrame.new(-1283.81921, 129.125916, 1679.89941, 1, 0, 0, 0, 1, 0, 0, 0, 1);
			CFrame.new(-1288.81921, 126.625916, 1679.89941, 1, 0, 0, 0, 1, 0, 0, 0, 1);
			CFrame.new(-1283.81921, 109.125916, 1679.89941, 1, 0, 0, 0, 1, 0, 0, 0, 1);
			CFrame.new(-1291.31921, 116.625916, 1679.89941, 1, 0, 0, 0, 1, 0, 0, 0, 1);
			CFrame.new(-1291.31921, 121.625916, 1679.89941, 1, 0, 0, 0, 1, 0, 0, 0, 1);
			CFrame.new(-1288.81921, 111.625916, 1679.89941, 1, 0, 0, 0, 1, 0, 0, 0, 1);
			CFrame.new(-1278.81921, 109.125916, 1679.89941, 0.707106769, 0.707106769, 0, -0.707106769, 0.707106769, 0, 0, 0, 1);
			CFrame.new(-1278.81921, 131.625916, 1679.89941, 0.707106769, -0.707106769, 0, 0.707106769, 0.707106769, 0, 0, 0, 1);
			CFrame.new(-1266.31921, 129.125916, 1679.89941, 1, 0, 0, 0, 1, 0, 0, 0, 1);
			CFrame.new(-1266.31921, 134.125916, 1679.89941, 1, 0, 0, 0, 1, 0, 0, 0, 1);
			CFrame.new(-1266.31921, 139.125916, 1679.89941, 1, 0, 0, 0, 1, 0, 0, 0, 1);
			CFrame.new(-1266.31921, 144.125916, 1679.89941, 1, 0, 0, 0, 1, 0, 0, 0, 1);
			CFrame.new(-1256.31921, 119.125916, 1679.89941, 1, 0, 0, 0, -1, 0, 0, 0, -1);
			CFrame.new(-1261.31921, 124.125916, 1679.89941, 1, 0, 0, 0, -1, 0, 0, 0, -1);
			CFrame.new(-1266.31921, 124.125916, 1679.89941, 1, 0, 0, 0, 1, 0, 0, 0, 1);
			CFrame.new(-1266.31921, 119.125916, 1679.89941, 1, 0, 0, 0, 1, 0, 0, 0, 1);
			CFrame.new(-1266.31921, 114.125916, 1679.89941, 1, 0, 0, 0, 1, 0, 0, 0, 1);
			CFrame.new(-1266.31921, 109.125916, 1679.89941, 1, 0, 0, 0, 1, 0, 0, 0, 1);
			CFrame.new(-1261.31921, 129.125916, 1679.89941, 1, 0, 0, 0, 1, 0, 0, 0, 1);
			CFrame.new(-1256.31921, 134.125916, 1679.89941, 1, 0, 0, 0, 1, 0, 0, 0, 1);
			CFrame.new(-1253.81921, 139.125916, 1679.89941, 1, 0, 0, 0, 1, 0, 0, 0, 1);
			CFrame.new(-1251.31921, 144.125916, 1679.89941, 0.707106769, 0.707106769, 0, -0.707106769, 0.707106769, 0, 0, 0, 1);
			CFrame.new(-1251.31921, 109.125916, 1679.89941, 0.707106769, 0.707106769, 0, 0.707106769, -0.707106769, 0, 0, 0, -1);
			CFrame.new(-1253.81921, 114.125916, 1679.89941, 1, 0, 0, 0, -1, 0, 0, 0, -1);
			CFrame.new(-1268.81921, 149.125916, 1679.89941, 0.707106769, -0.707106769, 0, 0.707106769, 0.707106769, 0, 0, 0, 1);
			CFrame.new(-1203.81921, 129.125916, 1679.89941, 0.999999881, 0, 0, 0, 0.999999881, 0, 0, 0, 1);
			CFrame.new(-1203.81921, 124.125916, 1679.89941, 1, 0, 0, 0, 1, 0, 0, 0, 1);
			CFrame.new(-1203.81921, 119.125916, 1679.89941, 1, 0, 0, 0, 1, 0, 0, 0, 1);
			CFrame.new(-1206.31921, 114.125916, 1679.89941, 1, 0, 0, 0, 1, 0, 0, 0, 1);
			CFrame.new(-1211.31921, 109.125916, 1679.89941, 0.707106769, -0.707106769, 0, 0.707106769, 0.707106769, 0, 0, 0, 1);
			CFrame.new(-1221.31921, 114.125916, 1679.89941, 1, 0, 0, 0, 1, 0, 0, 0, 1);
			CFrame.new(-1216.31921, 109.125916, 1679.89941, 0.707106769, 0.707106769, 0, -0.707106769, 0.707106769, 0, 0, 0, 1);
			CFrame.new(-1223.81921, 129.125916, 1679.89941, 1, 0, 0, 0, 1, 0, 0, 0, 1);
			CFrame.new(-1223.81921, 119.125916, 1679.89941, 1, 0, 0, 0, 1, 0, 0, 0, 1);
			CFrame.new(-1223.81921, 124.125916, 1679.89941, 1, 0, 0, 0, 1, 0, 0, 0, 1);
			CFrame.new(-1653.81921, 144.125916, 1679.89941, 0.707106769, 0.707106769, 0, -0.707106769, 0.707106769, 0, 0, 0, 1);
			CFrame.new(-1658.81921, 134.125916, 1679.89941, 1, 0, 0, 0, 1, 0, 0, 0, 1);
			CFrame.new(-1656.31921, 139.125916, 1679.89941, 1, 0, 0, 0, 1, 0, 0, 0, 1);
			CFrame.new(-1686.31921, 129.125916, 1679.89941, 1, 0, 0, 0, 1, 0, 0, 0, 1);
			CFrame.new(-1681.31921, 131.625916, 1679.89941, 0.707106769, -0.707106769, 0, 0.707106769, 0.707106769, 0, 0, 0, 1);
			CFrame.new(-1668.81921, 129.125916, 1679.89941, 1, 0, 0, 0, 1, 0, 0, 0, 1);
			CFrame.new(-1668.81921, 134.125916, 1679.89941, 1, 0, 0, 0, 1, 0, 0, 0, 1);
			CFrame.new(-1668.81921, 139.125916, 1679.89941, 1, 0, 0, 0, 1, 0, 0, 0, 1);
			CFrame.new(-1668.81921, 144.125916, 1679.89941, 1, 0, 0, 0, 1, 0, 0, 0, 1);
			CFrame.new(-1663.81921, 124.125916, 1679.89941, 1, 0, 0, 0, -1, 0, 0, 0, -1);
			CFrame.new(-1668.81921, 124.125916, 1679.89941, 1, 0, 0, 0, 1, 0, 0, 0, 1);
			CFrame.new(-1663.81921, 129.125916, 1679.89941, 1, 0, 0, 0, 1, 0, 0, 0, 1);
			CFrame.new(-1671.31921, 149.125916, 1679.89941, 0.707106769, -0.707106769, 0, 0.707106769, 0.707106769, 0, 0, 0, 1);
			CFrame.new(-1606.31921, 129.125916, 1679.89941, 0.999999881, 0, 0, 0, 0.999999881, 0, 0, 0, 1);
			CFrame.new(-1606.31921, 124.125916, 1679.89941, 1, 0, 0, 0, 1, 0, 0, 0, 1);
			CFrame.new(-1626.31921, 129.125916, 1679.89941, 1, 0, 0, 0, 1, 0, 0, 0, 1);
			CFrame.new(-1626.31921, 124.125916, 1679.89941, 1, 0, 0, 0, 1, 0, 0, 0, 1);
			CFrame.new(-1746.31921, 151.625916, 1679.89941, 1, 0, 0, 0, 1, 0, 0, 0, 1);
			CFrame.new(-1741.31921, 151.625916, 1679.89941, 1, 0, 0, 0, 1, 0, 0, 0, 1);
			CFrame.new(-1736.31921, 149.125916, 1679.89941, 1, 0, 0, 0, 1, 0, 0, 0, 1);
			CFrame.new(-1733.81921, 144.125916, 1679.89941, 0.707106769, -0.707106769, 0, 0.707106769, 0.707106769, 0, 0, 0, 1);
			CFrame.new(-1748.81921, 134.125916, 1679.89941, 0.707106769, 0.707106769, 0, -0.707106769, 0.707106769, 0, 0, 0, 1);
			CFrame.new(-1703.81921, 119.125916, 1679.89941, 1, 0, 0, 0, 1, 0, 0, 0, 1);
			CFrame.new(-1703.81921, 129.125916, 1679.89941, 0.707106769, 0.707106769, 0, -0.707106769, 0.707106769, 0, 0, 0, 1);
			CFrame.new(-1706.31921, 114.125916, 1679.89941, 1, 0, 0, 0, 1, 0, 0, 0, 1);
			CFrame.new(-1726.31921, 134.125916, 1679.89941, 0.707106769, -0.707106769, 0, 0.707106769, 0.707106769, 0, 0, 0, 1);
			CFrame.new(-1723.81921, 129.125916, 1679.89941, 1, 0, 0, 0, 1, 0, 0, 0, 1);
			CFrame.new(-1723.81921, 119.125916, 1679.89941, 1, 0, 0, 0, 1, 0, 0, 0, 1);
			CFrame.new(-1723.81921, 124.125916, 1679.89941, 1, 0, 0, 0, 1, 0, 0, 0, 1);
			CFrame.new(-1721.31921, 114.125916, 1679.89941, 1, 0, 0, 0, 1, 0, 0, 0, 1);
			CFrame.new(-1716.31921, 109.125916, 1679.89941, 0.707106769, 0.707106769, 0, -0.707106769, 0.707106769, 0, 0, 0, 1);
			CFrame.new(-1711.31921, 109.125916, 1679.89941, 0.707106769, -0.707106769, 0, 0.707106769, 0.707106769, 0, 0, 0, 1);
			CFrame.new(-1703.81921, 124.125916, 1679.89941, 1, 0, 0, 0, 1, 0, 0, 0, 1);
			CFrame.new(-1691.31921, 126.625916, 1679.89941, 1, 0, 0, 0, 1, 0, 0, 0, 1);
			CFrame.new(-1686.31921, 109.125916, 1679.89941, 1, 0, 0, 0, 1, 0, 0, 0, 1);
			CFrame.new(-1693.81921, 116.625916, 1679.89941, 1, 0, 0, 0, 1, 0, 0, 0, 1);
			CFrame.new(-1693.81921, 121.625916, 1679.89941, 1, 0, 0, 0, 1, 0, 0, 0, 1);
			CFrame.new(-1691.31921, 111.625916, 1679.89941, 1, 0, 0, 0, 1, 0, 0, 0, 1);
			CFrame.new(-1681.31921, 109.125916, 1679.89941, 0.707106769, 0.707106769, 0, -0.707106769, 0.707106769, 0, 0, 0, 1);
			CFrame.new(-1658.81921, 119.125916, 1679.89941, 1, 0, 0, 0, -1, 0, 0, 0, -1);
			CFrame.new(-1668.81921, 119.125916, 1679.89941, 1, 0, 0, 0, 1, 0, 0, 0, 1);
			CFrame.new(-1668.81921, 114.125916, 1679.89941, 1, 0, 0, 0, 1, 0, 0, 0, 1);
			CFrame.new(-1668.81921, 109.125916, 1679.89941, 1, 0, 0, 0, 1, 0, 0, 0, 1);
			CFrame.new(-1653.81921, 109.125916, 1679.89941, 0.707106769, 0.707106769, 0, 0.707106769, -0.707106769, 0, 0, 0, -1);
			CFrame.new(-1656.31921, 114.125916, 1679.89941, 1, 0, 0, 0, -1, 0, 0, 0, -1);
			CFrame.new(-1606.31921, 119.125916, 1679.89941, 1, 0, 0, 0, 1, 0, 0, 0, 1);
			CFrame.new(-1608.81921, 114.125916, 1679.89941, 1, 0, 0, 0, 1, 0, 0, 0, 1);
			CFrame.new(-1613.81921, 109.125916, 1679.89941, 0.707106769, -0.707106769, 0, 0.707106769, 0.707106769, 0, 0, 0, 1);
			CFrame.new(-1623.81921, 114.125916, 1679.89941, 1, 0, 0, 0, 1, 0, 0, 0, 1);
			CFrame.new(-1618.81921, 109.125916, 1679.89941, 0.707106769, 0.707106769, 0, -0.707106769, 0.707106769, 0, 0, 0, 1);
			CFrame.new(-1626.31921, 119.125916, 1679.89941, 1, 0, 0, 0, 1, 0, 0, 0, 1);
			CFrame.new(-1758.81921, 109.125916, 1679.89941, 1, 0, 0, 0, 1, 0, 0, 0, 1);
			CFrame.new(-1753.81921, 109.125916, 1679.89941, 0.707106769, 0.707106769, 0, -0.707106769, 0.707106769, 0, 0, 0, 1);
			CFrame.new(-1758.81921, 114.125916, 1679.89941, 1, 0, 0, 0, 1, 0, 0, 0, 1);
			CFrame.new(-1758.81921, 119.125916, 1679.89941, 1, 0, 0, 0, 1, 0, 0, 0, 1);
			CFrame.new(-1758.81921, 124.125916, 1679.89941, 1, 0, 0, 0, 1, 0, 0, 0, 1);
			CFrame.new(-1758.81921, 134.125916, 1679.89941, 1, 0, 0, 0, 1, 0, 0, 0, 1);
			CFrame.new(-1758.81921, 139.125916, 1679.89941, 1, 0, 0, 0, 1, 0, 0, 0, 1);
			CFrame.new(-1758.81921, 144.125916, 1679.89941, 1, 0, 0, 0, 1, 0, 0, 0, 1);
			CFrame.new(-1756.31921, 149.125916, 1679.89941, 1, 0, 0, 0, 1, 0, 0, 0, 1);
			CFrame.new(-1751.31921, 151.625916, 1679.89941, 1, 0, 0, 0, 1, 0, 0, 0, 1);
			CFrame.new(-1753.81921, 134.125916, 1679.89941, 1, 0, 0, 0, 1, 0, 0, 0, 1);
			CFrame.new(-1763.81921, 134.125916, 1679.89941, 0.707106769, -0.707106769, 0, 0.707106769, 0.707106769, 0, 0, 0, 1);
			CFrame.new(-1758.81921, 129.125916, 1679.89941, 1, 0, 0, 0, 1, 0, 0, 0, 1);
			CFrame.new(-738.819214, 144.125916, 1679.89941, 0.707106769, 0.707106769, 0, -0.707106769, 0.707106769, 0, 0, 0, 1);
			CFrame.new(-743.819214, 134.125916, 1679.89941, 1, 0, 0, 0, 1, 0, 0, 0, 1);
			CFrame.new(-741.319214, 139.125916, 1679.89941, 1, 0, 0, 0, 1, 0, 0, 0, 1);
			CFrame.new(-771.319214, 129.125916, 1679.89941, 1, 0, 0, 0, 1, 0, 0, 0, 1);
			CFrame.new(-766.319214, 131.625916, 1679.89941, 0.707106769, -0.707106769, 0, 0.707106769, 0.707106769, 0, 0, 0, 1);
			CFrame.new(-753.819214, 129.125916, 1679.89941, 1, 0, 0, 0, 1, 0, 0, 0, 1);
			CFrame.new(-753.819214, 134.125916, 1679.89941, 1, 0, 0, 0, 1, 0, 0, 0, 1);
			CFrame.new(-753.819214, 139.125916, 1679.89941, 1, 0, 0, 0, 1, 0, 0, 0, 1);
			CFrame.new(-753.819214, 144.125916, 1679.89941, 1, 0, 0, 0, 1, 0, 0, 0, 1);
			CFrame.new(-748.819214, 124.125916, 1679.89941, 1, 0, 0, 0, -1, 0, 0, 0, -1);
			CFrame.new(-753.819214, 124.125916, 1679.89941, 1, 0, 0, 0, 1, 0, 0, 0, 1);
			CFrame.new(-748.819214, 129.125916, 1679.89941, 1, 0, 0, 0, 1, 0, 0, 0, 1);
			CFrame.new(-756.319214, 149.125916, 1679.89941, 0.707106769, -0.707106769, 0, 0.707106769, 0.707106769, 0, 0, 0, 1);
			CFrame.new(-691.319214, 129.125916, 1679.89941, 0.999999881, 0, 0, 0, 0.999999881, 0, 0, 0, 1);
			CFrame.new(-691.319214, 124.125916, 1679.89941, 1, 0, 0, 0, 1, 0, 0, 0, 1);
			CFrame.new(-711.319214, 129.125916, 1679.89941, 1, 0, 0, 0, 1, 0, 0, 0, 1);
			CFrame.new(-711.319214, 124.125916, 1679.89941, 1, 0, 0, 0, 1, 0, 0, 0, 1);
			CFrame.new(-831.319214, 151.625916, 1679.89941, 1, 0, 0, 0, 1, 0, 0, 0, 1);
			CFrame.new(-826.319214, 151.625916, 1679.89941, 1, 0, 0, 0, 1, 0, 0, 0, 1);
			CFrame.new(-821.319214, 149.125916, 1679.89941, 1, 0, 0, 0, 1, 0, 0, 0, 1);
			CFrame.new(-818.819214, 144.125916, 1679.89941, 0.707106769, -0.707106769, 0, 0.707106769, 0.707106769, 0, 0, 0, 1);
			CFrame.new(-833.819214, 134.125916, 1679.89941, 0.707106769, 0.707106769, 0, -0.707106769, 0.707106769, 0, 0, 0, 1);
			CFrame.new(-788.819214, 119.125916, 1679.89941, 1, 0, 0, 0, 1, 0, 0, 0, 1);
			CFrame.new(-788.819214, 129.125916, 1679.89941, 0.707106769, 0.707106769, 0, -0.707106769, 0.707106769, 0, 0, 0, 1);
			CFrame.new(-791.319214, 114.125916, 1679.89941, 1, 0, 0, 0, 1, 0, 0, 0, 1);
			CFrame.new(-811.319214, 134.125916, 1679.89941, 0.707106769, -0.707106769, 0, 0.707106769, 0.707106769, 0, 0, 0, 1);
			CFrame.new(-808.819214, 129.125916, 1679.89941, 1, 0, 0, 0, 1, 0, 0, 0, 1);
			CFrame.new(-808.819214, 119.125916, 1679.89941, 1, 0, 0, 0, 1, 0, 0, 0, 1);
			CFrame.new(-808.819214, 124.125916, 1679.89941, 1, 0, 0, 0, 1, 0, 0, 0, 1);
			CFrame.new(-806.319214, 114.125916, 1679.89941, 1, 0, 0, 0, 1, 0, 0, 0, 1);
			CFrame.new(-801.319214, 109.125916, 1679.89941, 0.707106769, 0.707106769, 0, -0.707106769, 0.707106769, 0, 0, 0, 1);
			CFrame.new(-796.319214, 109.125916, 1679.89941, 0.707106769, -0.707106769, 0, 0.707106769, 0.707106769, 0, 0, 0, 1);
			CFrame.new(-788.819214, 124.125916, 1679.89941, 1, 0, 0, 0, 1, 0, 0, 0, 1);
			CFrame.new(-776.319214, 126.625916, 1679.89941, 1, 0, 0, 0, 1, 0, 0, 0, 1);
			CFrame.new(-771.319214, 109.125916, 1679.89941, 1, 0, 0, 0, 1, 0, 0, 0, 1);
			CFrame.new(-778.819214, 116.625916, 1679.89941, 1, 0, 0, 0, 1, 0, 0, 0, 1);
			CFrame.new(-778.819214, 121.625916, 1679.89941, 1, 0, 0, 0, 1, 0, 0, 0, 1);
			CFrame.new(-776.319214, 111.625916, 1679.89941, 1, 0, 0, 0, 1, 0, 0, 0, 1);
			CFrame.new(-766.319214, 109.125916, 1679.89941, 0.707106769, 0.707106769, 0, -0.707106769, 0.707106769, 0, 0, 0, 1);
			CFrame.new(-743.819214, 119.125916, 1679.89941, 1, 0, 0, 0, -1, 0, 0, 0, -1);
			CFrame.new(-753.819214, 119.125916, 1679.89941, 1, 0, 0, 0, 1, 0, 0, 0, 1);
			CFrame.new(-753.819214, 114.125916, 1679.89941, 1, 0, 0, 0, 1, 0, 0, 0, 1);
			CFrame.new(-753.819214, 109.125916, 1679.89941, 1, 0, 0, 0, 1, 0, 0, 0, 1);
			CFrame.new(-738.819214, 109.125916, 1679.89941, 0.707106769, 0.707106769, 0, 0.707106769, -0.707106769, 0, 0, 0, -1);
			CFrame.new(-741.319214, 114.125916, 1679.89941, 1, 0, 0, 0, -1, 0, 0, 0, -1);
			CFrame.new(-691.319214, 119.125916, 1679.89941, 1, 0, 0, 0, 1, 0, 0, 0, 1);
			CFrame.new(-693.819214, 114.125916, 1679.89941, 1, 0, 0, 0, 1, 0, 0, 0, 1);
			CFrame.new(-698.819214, 109.125916, 1679.89941, 0.707106769, -0.707106769, 0, 0.707106769, 0.707106769, 0, 0, 0, 1);
			CFrame.new(-708.819214, 114.125916, 1679.89941, 1, 0, 0, 0, 1, 0, 0, 0, 1);
			CFrame.new(-703.819214, 109.125916, 1679.89941, 0.707106769, 0.707106769, 0, -0.707106769, 0.707106769, 0, 0, 0, 1);
			CFrame.new(-711.319214, 119.125916, 1679.89941, 1, 0, 0, 0, 1, 0, 0, 0, 1);
			CFrame.new(-843.819214, 109.125916, 1679.89941, 1, 0, 0, 0, 1, 0, 0, 0, 1);
			CFrame.new(-838.819214, 109.125916, 1679.89941, 0.707106769, 0.707106769, 0, -0.707106769, 0.707106769, 0, 0, 0, 1);
			CFrame.new(-843.819214, 114.125916, 1679.89941, 1, 0, 0, 0, 1, 0, 0, 0, 1);
			CFrame.new(-843.819214, 119.125916, 1679.89941, 1, 0, 0, 0, 1, 0, 0, 0, 1);
			CFrame.new(-843.819214, 124.125916, 1679.89941, 1, 0, 0, 0, 1, 0, 0, 0, 1);
			CFrame.new(-843.819214, 134.125916, 1679.89941, 1, 0, 0, 0, 1, 0, 0, 0, 1);
			CFrame.new(-843.819214, 139.125916, 1679.89941, 1, 0, 0, 0, 1, 0, 0, 0, 1);
			CFrame.new(-843.819214, 144.125916, 1679.89941, 1, 0, 0, 0, 1, 0, 0, 0, 1);
			CFrame.new(-841.319214, 149.125916, 1679.89941, 1, 0, 0, 0, 1, 0, 0, 0, 1);
			CFrame.new(-836.319214, 151.625916, 1679.89941, 1, 0, 0, 0, 1, 0, 0, 0, 1);
			CFrame.new(-838.819214, 134.125916, 1679.89941, 1, 0, 0, 0, 1, 0, 0, 0, 1);
			CFrame.new(-848.819214, 134.125916, 1679.89941, 0.707106769, -0.707106769, 0, 0.707106769, 0.707106769, 0, 0, 0, 1);
			CFrame.new(-843.819214, 129.125916, 1679.89941, 1, 0, 0, 0, 1, 0, 0, 0, 1);
		}
	};
	Particles = {
		Amount = 1344;
		Positions = {
			CFrame.new(-2018.81921, 118.09021, 1894.89941, 1, 0, 0, 0, 0.707106769, 0.707106769, 0, -0.707106769, 0.707106769);
			CFrame.new(-2021.31921, 116.32251, 1889.59607, 1, 0, 0, 0, 0.707106769, 0.707106769, 0, -0.707106769, 0.707106769);
			CFrame.new(-2021.31921, 111.019165, 1887.82837, 1, 0, 0, 0, 0.707106769, 0.707106769, 0, -0.707106769, 0.707106769);
			CFrame.new(-2016.31921, 112.786865, 1882.52502, 1, 0, 0, 0, 0.707106769, 0.707106769, 0, -0.707106769, 0.707106769);
			CFrame.new(-2021.31921, 109.251465, 1882.52502, 1, 0, 0, 0, 0.707106769, 0.707106769, 0, -0.707106769, 0.707106769);
			CFrame.new(-2008.81921, 114.554688, 1884.29285, 1, 0, 0, 0, 0.707106769, 0.707106769, 0, -0.707106769, 0.707106769);
			CFrame.new(-2013.81921, 116.32251, 1889.59607, 1, 0, 0, 0, 0.707106769, 0.707106769, 0, -0.707106769, 0.707106769);
			CFrame.new(-2008.81921, 119.858032, 1893.13159, 1, 0, 0, 0, 0.707106769, 0.707106769, 0, -0.707106769, 0.707106769);
			CFrame.new(-2001.31921, 112.786987, 1886.06055, 1, 0, 0, 0, 0.707106769, 0.707106769, 0, -0.707106769, 0.707106769);
			CFrame.new(-2008.81921, 107.483643, 1880.7572, 1, 0, 0, 0, 0.707106769, 0.707106769, 0, -0.707106769, 0.707106769);
			CFrame.new(-1976.31921, 112.786987, 1886.06055, 1, 0, 0, 0, 0.707106769, 0.707106769, 0, -0.707106769, 0.707106769);
			CFrame.new(-1983.81921, 114.554688, 1884.29285, 1, 0, 0, 0, 0.707106769, 0.707106769, 0, -0.707106769, 0.707106769);
			CFrame.new(-1983.81921, 119.858032, 1893.13159, 1, 0, 0, 0, 0.707106769, 0.707106769, 0, -0.707106769, 0.707106769);
			CFrame.new(-1983.81921, 107.483643, 1880.7572, 1, 0, 0, 0, 0.707106769, 0.707106769, 0, -0.707106769, 0.707106769);
			CFrame.new(-1988.81921, 116.32251, 1889.59607, 1, 0, 0, 0, 0.707106769, 0.707106769, 0, -0.707106769, 0.707106769);
			CFrame.new(-1991.31921, 112.786865, 1882.52502, 1, 0, 0, 0, 0.707106769, 0.707106769, 0, -0.707106769, 0.707106769);
			CFrame.new(-2001.31921, 118.090332, 1891.36389, 1, 0, 0, 0, 0.707106769, 0.707106769, 0, -0.707106769, 0.707106769);
			CFrame.new(-1996.31921, 116.32251, 1889.59607, 1, 0, 0, 0, 0.707106769, 0.707106769, 0, -0.707106769, 0.707106769);
			CFrame.new(-1996.31921, 111.019165, 1887.82837, 1, 0, 0, 0, 0.707106769, 0.707106769, 0, -0.707106769, 0.707106769);
			CFrame.new(-1996.31921, 109.251465, 1882.52502, 1, 0, 0, 0, 0.707106769, 0.707106769, 0, -0.707106769, 0.707106769);
			CFrame.new(-2026.31921, 109.251343, 1878.9895, 1, 0, 0, 0, 0.707106769, 0.707106769, 0, -0.707106769, 0.707106769);
			CFrame.new(-1956.31921, 119.858032, 1893.13159, 1, 0, 0, 0, 0.707106769, 0.707106769, 0, -0.707106769, 0.707106769);
			CFrame.new(-1931.31921, 119.858032, 1893.13159, 1, 0, 0, 0, 0.707106769, 0.707106769, 0, -0.707106769, 0.707106769);
			CFrame.new(-1948.81921, 118.090332, 1891.36389, 1, 0, 0, 0, 0.707106769, 0.707106769, 0, -0.707106769, 0.707106769);
			CFrame.new(-1961.31921, 116.32251, 1889.59607, 1, 0, 0, 0, 0.707106769, 0.707106769, 0, -0.707106769, 0.707106769);
			CFrame.new(-1936.31921, 116.32251, 1889.59607, 1, 0, 0, 0, 0.707106769, 0.707106769, 0, -0.707106769, 0.707106769);
			CFrame.new(-1943.81921, 116.32251, 1889.59607, 1, 0, 0, 0, 0.707106769, 0.707106769, 0, -0.707106769, 0.707106769);
			CFrame.new(-1968.81921, 116.32251, 1889.59607, 1, 0, 0, 0, 0.707106769, 0.707106769, 0, -0.707106769, 0.707106769);
			CFrame.new(-1956.31921, 114.554688, 1884.29285, 1, 0, 0, 0, 0.707106769, 0.707106769, 0, -0.707106769, 0.707106769);
			CFrame.new(-1948.81921, 112.786987, 1886.06055, 1, 0, 0, 0, 0.707106769, 0.707106769, 0, -0.707106769, 0.707106769);
			CFrame.new(-1923.81921, 112.786987, 1886.06055, 1, 0, 0, 0, 0.707106769, 0.707106769, 0, -0.707106769, 0.707106769);
			CFrame.new(-1931.31921, 114.554688, 1884.29285, 1, 0, 0, 0, 0.707106769, 0.707106769, 0, -0.707106769, 0.707106769);
			CFrame.new(-1943.81921, 111.019165, 1887.82837, 1, 0, 0, 0, 0.707106769, 0.707106769, 0, -0.707106769, 0.707106769);
			CFrame.new(-1968.81921, 111.019165, 1887.82837, 1, 0, 0, 0, 0.707106769, 0.707106769, 0, -0.707106769, 0.707106769);
			CFrame.new(-1963.81921, 112.786865, 1882.52502, 1, 0, 0, 0, 0.707106769, 0.707106769, 0, -0.707106769, 0.707106769);
			CFrame.new(-1931.31921, 107.483643, 1880.7572, 1, 0, 0, 0, 0.707106769, 0.707106769, 0, -0.707106769, 0.707106769);
			CFrame.new(-1938.81921, 112.786865, 1882.52502, 1, 0, 0, 0, 0.707106769, 0.707106769, 0, -0.707106769, 0.707106769);
			CFrame.new(-1943.81921, 109.251465, 1882.52502, 1, 0, 0, 0, 0.707106769, 0.707106769, 0, -0.707106769, 0.707106769);
			CFrame.new(-1973.81921, 116.32251, 1893.13171, 1, 0, 0, 0, 0.707106769, 0.707106769, 0, -0.707106769, 0.707106769);
			CFrame.new(-1968.81921, 109.251465, 1882.52502, 1, 0, 0, 0, 0.707106769, 0.707106769, 0, -0.707106769, 0.707106769);
			CFrame.new(-1956.31921, 107.483643, 1880.7572, 1, 0, 0, 0, 0.707106769, 0.707106769, 0, -0.707106769, 0.707106769);
			CFrame.new(-1973.81921, 109.251343, 1878.9895, 1, 0, 0, 0, 0.707106769, 0.707106769, 0, -0.707106769, 0.707106769);
			CFrame.new(-1916.31921, 128.696899, 1901.97046, 1, 0, 0, 0, 0.707106769, 0.707106769, 0, -0.707106769, 0.707106769);
			CFrame.new(-1923.81921, 130.4646, 1900.20276, 1, 0, 0, 0, 0.707106769, 0.707106769, 0, -0.707106769, 0.707106769);
			CFrame.new(-1923.81921, 123.393555, 1896.66711, 1, 0, 0, 0, 0.707106769, 0.707106769, 0, -0.707106769, 0.707106769);
			CFrame.new(-1931.31921, 128.696777, 1898.43494, 1, 0, 0, 0, 0.707106769, 0.707106769, 0, -0.707106769, 0.707106769);
			CFrame.new(-1941.31921, 128.696899, 1901.97046, 1, 0, 0, 0, 0.707106769, 0.707106769, 0, -0.707106769, 0.707106769);
			CFrame.new(-1936.31921, 126.929077, 1903.73828, 1, 0, 0, 0, 0.707106769, 0.707106769, 0, -0.707106769, 0.707106769);
			CFrame.new(-1936.31921, 125.161377, 1898.43494, 1, 0, 0, 0, 0.707106769, 0.707106769, 0, -0.707106769, 0.707106769);
			CFrame.new(-1948.81921, 135.767944, 1909.0415, 1, 0, 0, 0, 0.707106769, 0.707106769, 0, -0.707106769, 0.707106769);
			CFrame.new(-1923.81921, 135.767944, 1909.0415, 1, 0, 0, 0, 0.707106769, 0.707106769, 0, -0.707106769, 0.707106769);
			CFrame.new(-1941.31921, 134.000244, 1907.2738, 1, 0, 0, 0, 0.707106769, 0.707106769, 0, -0.707106769, 0.707106769);
			CFrame.new(-1953.81921, 132.232422, 1905.50598, 1, 0, 0, 0, 0.707106769, 0.707106769, 0, -0.707106769, 0.707106769);
			CFrame.new(-1928.81921, 132.232422, 1905.50598, 1, 0, 0, 0, 0.707106769, 0.707106769, 0, -0.707106769, 0.707106769);
			CFrame.new(-1936.31921, 132.232422, 1905.50598, 1, 0, 0, 0, 0.707106769, 0.707106769, 0, -0.707106769, 0.707106769);
			CFrame.new(-1961.31921, 132.232422, 1905.50598, 1, 0, 0, 0, 0.707106769, 0.707106769, 0, -0.707106769, 0.707106769);
			CFrame.new(-1948.81921, 130.4646, 1900.20276, 1, 0, 0, 0, 0.707106769, 0.707106769, 0, -0.707106769, 0.707106769);
			CFrame.new(-1956.31921, 128.696777, 1898.43494, 1, 0, 0, 0, 0.707106769, 0.707106769, 0, -0.707106769, 0.707106769);
			CFrame.new(-1948.81921, 123.393555, 1896.66711, 1, 0, 0, 0, 0.707106769, 0.707106769, 0, -0.707106769, 0.707106769);
			CFrame.new(-1968.81921, 128.696899, 1901.97046, 1, 0, 0, 0, 0.707106769, 0.707106769, 0, -0.707106769, 0.707106769);
			CFrame.new(-1976.31921, 130.4646, 1900.20276, 1, 0, 0, 0, 0.707106769, 0.707106769, 0, -0.707106769, 0.707106769);
			CFrame.new(-1976.31921, 135.767944, 1909.0415, 1, 0, 0, 0, 0.707106769, 0.707106769, 0, -0.707106769, 0.707106769);
			CFrame.new(-1976.31921, 123.393555, 1896.66711, 1, 0, 0, 0, 0.707106769, 0.707106769, 0, -0.707106769, 0.707106769);
			CFrame.new(-1981.31921, 132.232422, 1905.50598, 1, 0, 0, 0, 0.707106769, 0.707106769, 0, -0.707106769, 0.707106769);
			CFrame.new(-1961.31921, 126.929077, 1903.73828, 1, 0, 0, 0, 0.707106769, 0.707106769, 0, -0.707106769, 0.707106769);
			CFrame.new(-1966.31921, 132.232422, 1909.04163, 1, 0, 0, 0, 0.707106769, 0.707106769, 0, -0.707106769, 0.707106769);
			CFrame.new(-1961.31921, 125.161377, 1898.43494, 1, 0, 0, 0, 0.707106769, 0.707106769, 0, -0.707106769, 0.707106769);
			CFrame.new(-1966.31921, 125.161255, 1894.89941, 1, 0, 0, 0, 0.707106769, 0.707106769, 0, -0.707106769, 0.707106769);
			CFrame.new(-2018.81921, 132.232422, 1909.04163, 1, 0, 0, 0, 0.707106769, 0.707106769, 0, -0.707106769, 0.707106769);
			CFrame.new(-2013.81921, 132.232422, 1905.50598, 1, 0, 0, 0, 0.707106769, 0.707106769, 0, -0.707106769, 0.707106769);
			CFrame.new(-2013.81921, 126.929077, 1903.73828, 1, 0, 0, 0, 0.707106769, 0.707106769, 0, -0.707106769, 0.707106769);
			CFrame.new(-2008.81921, 128.696777, 1898.43494, 1, 0, 0, 0, 0.707106769, 0.707106769, 0, -0.707106769, 0.707106769);
			CFrame.new(-2013.81921, 125.161377, 1898.43494, 1, 0, 0, 0, 0.707106769, 0.707106769, 0, -0.707106769, 0.707106769);
			CFrame.new(-2001.31921, 130.4646, 1900.20276, 1, 0, 0, 0, 0.707106769, 0.707106769, 0, -0.707106769, 0.707106769);
			CFrame.new(-2006.31921, 132.232422, 1905.50598, 1, 0, 0, 0, 0.707106769, 0.707106769, 0, -0.707106769, 0.707106769);
			CFrame.new(-2001.31921, 135.767944, 1909.0415, 1, 0, 0, 0, 0.707106769, 0.707106769, 0, -0.707106769, 0.707106769);
			CFrame.new(-1993.81921, 128.696899, 1901.97046, 1, 0, 0, 0, 0.707106769, 0.707106769, 0, -0.707106769, 0.707106769);
			CFrame.new(-2001.31921, 123.393555, 1896.66711, 1, 0, 0, 0, 0.707106769, 0.707106769, 0, -0.707106769, 0.707106769);
			CFrame.new(-1983.81921, 128.696777, 1898.43494, 1, 0, 0, 0, 0.707106769, 0.707106769, 0, -0.707106769, 0.707106769);
